NOAA 15                 
1 25338U 98030A   19118.96388989  .00000030  00000-0  31412-4 0  9999
2 25338  98.7509 140.3110 0011012  36.2294 323.9630 14.25904069 89768
NOAA 18                 
1 28654U 05018A   19118.91515438  .00000084  00000-0  70532-4 0  9998
2 28654  99.1016 165.1091 0013470 323.8090  36.2169 14.12419137718259
METOP-A                 
1 29499U 06044A   19118.94703882 -.00000006  00000-0  16690-4 0  9991
2 29499  98.5796 173.5655 0001591  62.2640  65.5955 14.21547537649673
NOAA 19                 
1 33591U 09005A   19118.96565309  .00000078  00000-0  67844-4 0  9996
2 33591  99.1781 108.8678 0014332 156.9299 203.2518 14.12347050526483
METOP-B                 
1 38771U 12049A   19119.20237385 -.00000006  00000-0  17416-4 0  9993
2 38771  98.7080 179.2233 0002223 101.6208 349.3024 14.21486288343025
SARAL                   
1 39086U 13009A   19119.21021497 -.00000002  00000-0  15615-4 0  9991
2 39086  98.5423 306.1823 0002083  67.9552 292.1853 14.32036285322572
METOP-C                 
1 43689U 18087A   19118.87954245 -.00000044  00000-0  00000+0 0  9996
2 43689  98.7082 179.2050 0003356 102.6947 257.4606 14.21483913 24558
