BEIJING 1               
1 28890U 05043A   19119.41372184  .00000092  00000-0  27832-4 0  9997
2 28890  97.9711 256.7589 0015661 162.2045 197.9723 14.61255385719908
HJ-1A                   
1 33320U 08041A   19119.47202604  .00000071  00000-0  17269-4 0  9997
2 33320  97.8424 179.2834 0025417 345.6492  14.3999 14.77009324573347
HJ-1B                   
1 33321U 08041B   19119.50436535  .00000090  00000-0  19939-4 0  9991
2 33321  97.8498 181.1354 0034812   4.0556 356.0931 14.77120945573349
YAOGAN 4                
1 33446U 08061A   19119.46314568  .00000088  00000-0  19384-4 0  9998
2 33446  97.6698  89.0712 0014770 245.2499 114.7175 14.76946408560576
DEIMOS-1                
1 35681U 09041A   19119.37755257 -.00000067  00000-0 -31682-5 0  9999
2 35681  97.8697   2.9144 0001133  19.3554 340.7691 14.71781213523337
UK-DMC 2                
1 35683U 09041C   19119.54994612  .00000014  00000-0  97733-5 0  9999
2 35683  97.7449 338.6347 0001885  68.3879 291.7531 14.71074424523174
RISAT 1                 
1 38248U 12017A   19119.53248204  .00000122  00000-0  11446-4 0  9990
2 38248  97.5716 128.8024 0003247 207.9774 152.1281 15.09785475386029
DMC3-FM1                
1 40715U 15032A   19119.52874512  .00000003  00000-0  80989-5 0  9995
2 40715  97.9750  16.2578 0017159 110.9239 249.3798 14.73693115204540
DMC3-FM2                
1 40716U 15032B   19119.48308882 -.00000005  00000-0  68770-5 0  9990
2 40716  97.9768  16.4496 0014373 119.6854 240.5787 14.73703361204541
DMC3-FM3                
1 40717U 15032C   19119.57417055  .00000008  00000-0  89647-5 0  9992
2 40717  97.9762  17.2283 0018041 113.5132 246.7974 14.73692865204550
