SCD 1                   
1 22490U 93009B   19118.95591576  .00000211  00000-0  77689-5 0  9991
2 22490  24.9703  71.2947 0042796 321.9209  73.5515 14.44548946383861
TECHSAT 1B (GO-32)      
1 25397U 98043D   19119.43888516 -.00000025  00000-0  84402-5 0  9995
2 25397  98.6851  60.2023 0001622 138.7853 221.3449 14.23664217 80722
SCD 2                   
1 25504U 98060A   19119.48303778  .00000226  00000-0  12993-4 0  9998
2 25504  24.9958 275.4885 0017224 352.4349  45.1856 14.44066876 83523
LANDSAT 7               
1 25682U 99020A   19119.38838887  .00000022  00000-0  14755-4 0  9997
2 25682  98.1308 187.9793 0001823  79.2326 280.9081 14.57152057 65793
DLR-TUBSAT              
1 25757U 99029B   19119.35394460 -.00000021  00000-0  63309-5 0  9990
2 25757  98.4122  41.3740 0014907  21.4223 338.7593 14.51400646 55287
TERRA                   
1 25994U 99068A   19119.20072509 -.00000161  00000-0 -25716-4 0  9992
2 25994  98.2055 194.4815 0000974 100.3211 259.8092 14.57109570 29847
MAROC-TUBSAT            
1 27004U 01056D   19118.95852664 -.00000027  00000-0  19655-4 0  9990
2 27004  99.4552 253.4416 0019973  13.4312  95.5402 13.70134272869274
AQUA                    
1 27424U 02022A   19118.88858567  .00000040  00000-0  18975-4 0  9998
2 27424  98.1996  60.5110 0001489 156.4003 265.4844 14.57116625903358
IRS-P6 (RESOURCESAT-1)  
1 28051U 03046A   19119.45085537 -.00000079  00000-0 -12519-4 0  9997
2 28051  98.5190 197.8220 0057950 175.9835 184.1822 14.34151072806900
SHIYAN 1 (SY-1)         
1 28220U 04012A   19119.00836235 -.00000316  00000-0 -20647-4 0  9994
2 28220  97.7915  81.1944 0011189 356.1889   3.9247 14.99786356818450
FORMOSAT-2 (ROCSAT 2)   
1 28254U 04018A   19119.13568297 -.00000031  00000-0  70704-5 0  9994
2 28254  98.7680 165.4418 0001854  71.3803 314.5895 14.00686029763928
AURA                    
1 28376U 04026A   19119.15700415  .00000050  00000-0  21204-4 0  9990
2 28376  98.1990  62.9374 0001322  94.6499 265.4850 14.57119458786482
IRS-P5 (CARTOSAT-1)     
1 28649U 05017A   19119.46843553  .00000058  00000-0  13410-4 0  9997
2 28649  97.8569 190.9673 0002258  47.8559 312.2850 14.83632787756980
SINAH 1                 
1 28893U 05043D   19118.90428484 -.00000001  00000-0  88321-5 0  9990
2 28893  97.9651 258.1193 0015709 164.3557 195.8133 14.61501913719627
EROS B                  
1 29079U 06014A   19119.47078207  .00001375  00000-0  60154-4 0  9990
2 29079  97.4129 238.8583 0002041 342.0339  80.3852 15.23734284722050
RESURS-DK 1             
1 29228U 06021A   19119.51823973  .00000042  00000-0  10512-4 0  9990
2 29228  69.9347 164.2235 0004733 338.3726  21.7234 15.02429100710422
ARIRANG-2 (KOMPSAT-2)   
1 29268U 06031A   19119.54517206  .00000034  00000-0  15848-4 0  9995
2 29268  98.0361  13.1075 0018923  28.2349 331.9874 14.62423789680571
LAPAN-TUBSAT            
1 29709U 07001A   19119.45959559  .00000010  00000-0  78255-5 0  9990
2 29709  97.8023  82.9513 0013871  31.5964 328.6077 14.82171093664896
CARTOSAT-2 (IRS-P7)     
1 29710U 07001B   19119.47624519  .00000174  00000-0  30857-4 0  9995
2 29710  97.9776 178.9783 0001651  91.2147 268.9263 14.78631903663874
HAIYANG-1B              
1 31113U 07010A   19119.55523348 -.00000005  00000-0  14544-4 0  9991
2 31113  98.4595 169.7595 0013722   3.1089 357.0176 14.30219310628851
COSMO-SKYMED 1          
1 31598U 07023A   19119.49037265 -.00000582  00000-0 -66610-4 0  9995
2 31598  97.8912 303.5719 0001551 102.9802 257.1571 14.82153137643361
TERRASAR-X              
1 31698U 07026A   19118.78179398 -.00000799  00000-0 -34858-4 0  9993
2 31698  97.4461 126.7254 0002032  76.2933 271.4202 15.19144507658198
WORLDVIEW-1 (WV-1)      
1 32060U 07041A   19118.93522656  .00000585  00000-0  26639-4 0  9999
2 32060  97.3964 239.2650 0000986  84.6172 275.5178 15.24541984645967
YAOGAN 3                
1 32289U 07055A   19119.39358112  .00000137  00000-0  24622-4 0  9995
2 32289  98.0054 130.1550 0001187  91.1294 269.0067 14.80953349619552
COSMO-SKYMED 2          
1 32376U 07059A   19119.52418255 -.00000253  00000-0 -25242-4 0  9996
2 32376  97.8914 303.6061 0001372  82.0987 278.0404 14.82151054616118
RADARSAT-2              
1 32382U 07061A   19119.49415264  .00000082  00000-0  48826-4 0  9990
2 32382  98.5768 127.1385 0001429  83.8087  69.7029 14.29984908593666
CARTOSAT-2A             
1 32783U 08021A   19119.52227801 -.00000256  00000-0 -27745-4 0  9996
2 32783  97.9762 179.3924 0011532 270.8783  89.1123 14.78638321593821
JASON-2 (OSTM)          
1 33105U 08032A   19119.50227638 -.00000035  00000-0  10600-3 0  9998
2 33105  66.0384 129.6588 0008536 272.8974 245.5546 12.87631695508306
RAPIDEYE 2              
1 33312U 08040A   19119.45450434  .00000016  00000-0  85774-5 0  9997
2 33312  97.7469 189.8587 0012862 294.6749  65.3127 14.81207985576133
RAPIDEYE 5              
1 33313U 08040B   19119.47799828 -.00000250  00000-0 -25455-4 0  9994
2 33313  97.7554 188.6894 0016425 171.3050 188.8460 14.81211532576080
RAPIDEYE 1              
1 33314U 08040C   19119.46618626  .00000279  00000-0  42339-4 0  9999
2 33314  97.7493 189.6234 0024417 307.3849  52.5130 14.81202404576123
RAPIDEYE 3              
1 33315U 08040D   19119.50233023  .00000362  00000-0  52979-4 0  9993
2 33315  97.7566 188.5994 0011859 249.3375 110.6578 14.81213213576099
RAPIDEYE 4              
1 33316U 08040E   19119.42251725  .00000108  00000-0  20434-4 0  9993
2 33316  97.7604 188.3596 0010868 192.0576 168.0386 14.81208345576077
HUANJING 1A (HJ-1A)     
1 33320U 08041A   19119.47202604  .00000071  00000-0  17269-4 0  9997
2 33320  97.8424 179.2834 0025417 345.6492  14.3999 14.77009324573347
HUANJING 1B (HJ-1B)     
1 33321U 08041B   19119.50436535  .00000090  00000-0  19939-4 0  9991
2 33321  97.8498 181.1354 0034812   4.0556 356.0931 14.77120945573349
GEOEYE 1                
1 33331U 08042A   19119.49427946 -.00000059  00000-0 -21444-5 0  9999
2 33331  98.0976 194.8204 0007926 285.8663  74.1672 14.64387243568800
THEOS                   
1 33396U 08049A   19119.52635446  .00000129  00000-0  80865-4 0  9994
2 33396  98.6872 187.4466 0001229  84.1697  32.7697 14.20047348548173
COSMO-SKYMED 3          
1 33412U 08054A   19119.51148922 -.00000168  00000-0 -14555-4 0  9994
2 33412  97.8916 303.5938 0001441  87.6312 272.5078 14.82147563568576
YAOGAN 4                
1 33446U 08061A   19119.46314568  .00000088  00000-0  19384-4 0  9998
2 33446  97.6698  89.0712 0014770 245.2499 114.7175 14.76946408560576
GOSAT (IBUKI)           
1 33492U 09002A   19118.89347510  .00000074  00000-0  21426-4 0  9999
2 33492  98.0278 232.2212 0001207  84.4777 275.6565 14.67570337549667
YAOGAN 6                
1 34839U 09021A   19119.51309858  .00000511  00000-0  21950-4 0  9997
2 34839  97.0587 146.1460 0029693  61.2536 299.1681 15.26522107556507
DEIMOS-1                
1 35681U 09041A   19119.37755257 -.00000067  00000-0 -31682-5 0  9999
2 35681  97.8697   2.9144 0001133  19.3554 340.7691 14.71781213523337
DUBAISAT-1              
1 35682U 09041B   19119.52484712 -.00000081  00000-0 -61225-5 0  9994
2 35682  97.7336 315.6242 0011841 129.7098 230.5157 14.68727210522218
OCEANSAT-2              
1 35931U 09051A   19118.85908935  .00000057  00000-0  25505-4 0  9996
2 35931  98.2979 214.6621 0000727 198.2346 161.8822 14.50832308508159
WORLDVIEW-2 (WV-2)      
1 35946U 09055A   19119.46899223 -.00000101  00000-0 -19358-4 0  9994
2 35946  98.4365 196.0695 0002619 127.5366 232.6070 14.37611541501399
SMOS                    
1 36036U 09059A   19119.07989964  .00000015  00000-0  18673-4 0  9999
2 36036  98.4453 307.0601 0001301  89.1148 271.0189 14.39748031498599
YAOGAN 7                
1 36110U 09069A   19119.42610409  .00000040  00000-0  13914-4 0  9998
2 36110  98.2698 301.1526 0025520 100.2308 260.1790 14.75109850505310
TANDEM-X                
1 36605U 10030A   19118.87187594 -.00000975  00000-0 -43242-4 0  9995
2 36605  97.4465 126.8153 0002326  77.8219  42.2139 15.19142453490953
CARTOSAT-2B             
1 36795U 10035A   19119.42373616  .00000046  00000-0  13406-4 0  9990
2 36795  97.9741 178.9509 0014482 351.7172   8.3797 14.78643906474853
YAOGAN 10               
1 36834U 10038A   19119.49856140  .00000026  00000-0  10106-4 0  9994
2 36834  97.9665 120.1138 0001367  74.6040 285.5332 14.80911748471319
COSMO-SKYMED 4          
1 37216U 10060A   19119.47353644  .00000006  00000-0  72978-5 0  9997
2 37216  97.8915 303.5570 0001487  80.7735 279.3673 14.82155509458658
RESOURCESAT-2           
1 37387U 11015A   19119.38660291  .00000009  00000-0  24133-4 0  9998
2 37387  98.7163 195.0997 0005104 130.2510 229.9113 14.21621634416464
HAIYANG 2A              
1 37781U 11043A   19119.51056247  .00000232  00000-0  27143-3 0  9993
2 37781  99.3201 129.3278 0001247  48.5047 311.6203 13.78720962387869
RASAT                   
1 37791U 11044D   19119.51278463  .00000042  00000-0  16969-4 0  9995
2 37791  98.1148 213.0480 0022931 134.0820 226.2279 14.64715004411506
MEGHA-TROPIQUES         
1 37838U 11058A   19118.92407492  .00000285  00000-0  11847-4 0  9991
2 37838  19.9790 359.0797 0009350 327.9836  32.0000 14.09662815322038
SRMSAT                  
1 37841U 11058D   19118.93147229  .00000315  00000-0  28214-4 0  9995
2 37841  19.9731 338.3180 0011756 359.4626  99.3437 14.10630083389423
YAOGAN 13               
1 37941U 11072A   19119.48330108  .00000535  00000-0  29696-4 0  9992
2 37941  97.5242  51.5877 0003503  71.0423  64.0436 15.17952783411014
PLEIADES 1A             
1 38012U 11076F   19119.48815867 -.00000011  00000-0  74770-5 0  9990
2 38012  98.2002 194.8546 0001361  76.3042 283.8308 14.58554029392174
ZIYUAN 1-02C (ZY 1-02C) 
1 38038U 11079A   19119.48943097  .00000044  00000-0  29673-4 0  9994
2 38038  98.2456 167.5085 0000873  93.8004 266.3285 14.35493905385249
ZIYUAN 3 (ZY 3)         
1 38046U 12001A   19119.50533926  .00000550  00000-0  27644-4 0  9996
2 38046  97.4559 193.6712 0002442 172.0723 312.4874 15.21341784405537
RISAT-1                 
1 38248U 12017A   19119.53248204  .00000122  00000-0  11446-4 0  9990
2 38248  97.5716 128.8024 0003247 207.9774 152.1281 15.09785475386029
ARIRANG-3 (KOMPSAT-3)   
1 38338U 12025B   19119.47828832  .00000046  00000-0  18613-4 0  9991
2 38338  98.1575  57.9884 0010301   7.5921 352.5427 14.61749576370707
KANOPUS-V 1             
1 38707U 12039A   19119.51942340  .00021673  00000-0  10173-2 0  9992
2 38707  97.4567  38.7693 0002505  27.9891  84.6063 15.19653710375515
EXACTVIEW-1 (ADS-1B)    
1 38709U 12039C   19119.56295340 -.00000013  00000-0  15229-4 0  9995
2 38709  99.1420 131.9755 0012258  97.6801 262.5772 14.23990371351801
SPOT 6                  
1 38755U 12047A   19119.50394684 -.00000025  00000-0  44964-5 0  9992
2 38755  98.2136 187.1759 0001641  76.3521 283.7865 14.58543287353257
PLEIADES 1B             
1 39019U 12068A   19119.52267349 -.00000018  00000-0  59978-5 0  9991
2 39019  98.1986 194.8808 0001540  82.2853 277.8523 14.58552106341033
GOKTURK 2               
1 39030U 12073A   19119.45691374  .00000009  00000-0  90707-5 0  9995
2 39030  97.9991   9.7765 0002872  60.6527 299.4963 14.72730626340827
LANDSAT 8               
1 39084U 13008A   19119.49698269 -.00000981  00000-0 -20771-3 0  9990
2 39084  98.1990 190.0836 0001317  78.9742 281.1579 14.57105196330275
SARAL                   
1 39086U 13009A   19119.21021497 -.00000002  00000-0  15615-4 0  9991
2 39086  98.5423 306.1823 0002083  67.9552 292.1853 14.32036285322572
GAOFEN 1                
1 39150U 13018A   19119.52101954  .00000009  00000-0  86005-5 0  9992
2 39150  97.8995 200.9561 0019786  22.2921 337.9147 14.76535933323782
VNREDSAT 1              
1 39160U 13021B   19119.48645305  .00000038  00000-0  16732-4 0  9996
2 39160  98.1836 195.2798 0001256  65.8628 294.2704 14.62866260319211
ARIRANG-5 (KOMPSAT-5)   
1 39227U 13042A   19119.44132414  .00000049  00000-0  78324-5 0  9999
2 39227  97.6188 304.3365 0001964  77.6395 339.7319 15.04515348312125
YAOGAN 18               
1 39363U 13059A   19119.52415521  .00000419  00000-0  23704-4 0  9992
2 39363  97.3024 178.5441 0001668  50.0239  61.9948 15.18079015304686
SKYSAT-1                
1 39418U 13066C   19118.77768092  .00000883  00000-0  77778-4 0  9996
2 39418  97.6521 201.5585 0022857 153.1622 207.0788 14.98813341297010
DUBAISAT-2              
1 39419U 13066D   19119.48407529  .00000649  00000-0  65934-4 0  9992
2 39419  97.5950 183.4692 0014673 147.5905 212.6207 14.93983155296216
GPM-CORE                
1 39574U 14009C   19118.86337259  .00001594  00000-0  27107-4 0  9995
2 39574  65.0039 125.0723 0012111 288.7585  71.2247 15.55945142293392
SENTINEL-1A             
1 39634U 14016A   19119.51598432  .00000005  00000-0  10676-4 0  9994
2 39634  98.1824 127.4148 0001497  76.7629 283.3740 14.59198045270051
KAZEOSAT 1              
1 39731U 14024A   19119.45571697  .00000006  00000-0  14875-4 0  9994
2 39731  98.3550 197.0026 0001414  91.0070 269.1283 14.42039302263074
ALOS-2                  
1 39766U 14029A   19119.51594652  .00000147  00000-0  26550-4 0  9999
2 39766  97.9186 217.0610 0001497  88.4993 271.6392 14.79473751266341
KAZEOSAT 2              
1 40010U 14033A   19118.86761379 -.00000303  00000-0 -31509-4 0  9993
2 40010  97.8429  19.0890 0015224 214.7754 145.3516 14.82051610262763
HODOYOSHI-4             
1 40011U 14033B   19119.46448173  .00000073  00000-0  16160-4 0  9993
2 40011  97.8213  13.8528 0025592 212.1601 147.8047 14.81094688262595
DEIMOS-2                
1 40013U 14033D   19119.44971523 -.00000627  00000-0 -68140-4 0  9995
2 40013  97.8432  24.3602 0000781  46.6245 313.5050 14.84553034263299
HODOYOSHI-3             
1 40015U 14033F   19118.93564635  .00000086  00000-0  18690-4 0  9994
2 40015  97.7946   3.9446 0035841 228.5744 131.2387 14.78483621262035
SPOT 7                  
1 40053U 14034A   19119.39963656 -.00000025  00000-0  42710-5 0  9999
2 40053  98.1452 186.6359 0001302  78.3541 281.7805 14.58577665257172
SKYSAT-2                
1 40072U 14037D   19118.92129201  .00000073  00000-0  16950-4 0  9999
2 40072  98.4198 270.1808 0007081  36.4515 323.7177 14.81171360259659
WORLDVIEW-3 (WV-3)      
1 40115U 14048A   19119.44103923 -.00000000  00000-0  61643-5 0  9991
2 40115  97.8119 199.1081 0001063 111.7135 248.4191 14.85005412255209
YAOGAN 21               
1 40143U 14053A   19119.50883840  .00000594  00000-0  27887-4 0  9996
2 40143  97.4884 183.3487 0016395 287.9092 185.2480 15.23500737258229
YAOGAN 22               
1 40275U 14063A   19119.43450924 -.00000045  00000-0  00000+0 0  9993
2 40275 100.4597 232.7039 0005545 328.2362  31.8416 13.15334117217201
ASNARO                  
1 40298U 14070A   19119.49929749  .00000794  00000-0  40541-4 0  9997
2 40298  97.4420 203.0825 0001638  82.3372  12.7330 15.19564132248326
HODOYOSHI-1             
1 40299U 14070B   19119.47929398  .00000565  00000-0  26706-4 0  9999
2 40299  97.3492 200.2744 0011693 212.8291 335.2734 15.23301723248620
QSAT-EOS                
1 40301U 14070D   19119.48791667  .00001341  00000-0  54970-4 0  9997
2 40301  97.3278 197.6885 0024788 212.6744 332.1010 15.25748709248636
YAOGAN 23               
1 40305U 14071A   19119.51496443  .00000388  00000-0  22406-4 0  9999
2 40305  97.4879  57.4709 0002574  96.5303  24.5333 15.17955581246788
YAOGAN 24               
1 40310U 14072A   19119.52457843  .00000049  00000-0  14311-4 0  9998
2 40310  97.8478 246.9534 0017754  29.6880 330.5339 14.76357150239316
CBERS 4                 
1 40336U 14079A   19119.42270987 -.00000010  00000-0  11862-4 0  9991
2 40336  98.6066 188.1042 0000734 101.4136 258.7137 14.35387949230143
RESURS P2               
1 40360U 14087A   19119.44561668  .00000567  00000-0  20125-4 0  9996
2 40360  97.2557 211.0504 0008001 223.4848 201.1325 15.33052605242724
YAOGAN 26               
1 40362U 14088A   19119.55748185  .00000729  00000-0  33219-4 0  9990
2 40362  97.2892 195.2525 0009774 143.7318 327.2106 15.23665965241698
SMAP                    
1 40376U 15003A   19119.41371151  .00000031  00000-0  15074-4 0  9998
2 40376  98.1240 127.0694 0001371 108.3321 251.8038 14.63365315226526
KOMPSAT-3A              
1 40536U 15014A   19119.52464434 -.00000009  00000-0  32624-5 0  9994
2 40536  97.5479  58.4294 0012045 124.2807 324.1509 15.12206471226013
SENTINEL-2A             
1 40697U 15028A   19119.36839452  .00000005  00000-0  18599-4 0  9994
2 40697  98.5684 194.5632 0001274  90.6927 269.4401 14.30816859201100
CARBONITE 1 (CBNT-1)    
1 40718U 15032D   19119.56091962  .00000131  00000-0  26964-4 0  9996
2 40718  97.8905   7.4112 0018105 105.1452 255.1766 14.74682966204661
YAOGAN 27               
1 40878U 15040A   19119.42701200 -.00000044  00000-0  00000+0 0  9992
2 40878 100.2925 175.1102 0009312  95.6416 264.5762 13.15961765176427
LAPAN-A2                
1 40931U 15052B   19119.29947351  .00000797  00000-0  21974-4 0  9991
2 40931   5.9975  55.9923 0012380 159.3587 200.7111 14.76606167193806
YAOGAN 28               
1 41026U 15064A   19119.45162660  .00000689  00000-0  31804-4 0  9993
2 41026  97.3985 250.4409 0002886 118.7892 326.5690 15.23507208193906
YAOGAN 29               
1 41038U 15069A   19119.50876975 -.00000020  00000-0  43052-5 0  9997
2 41038  97.9738 104.1880 0002036  99.4476 260.6968 14.80403197184886
KENT RIDGE 1            
1 41167U 15077B   19119.02089120  .00000899  00000-0  14845-4 0  9994
2 41167  14.9785 267.5478 0011490  32.1717 270.6315 15.09022393185923
TELEOS 1                
1 41169U 15077D   19119.47937057  .00001463  00000-0  47508-4 0  9996
2 41169  14.9787 254.8307 0010284  51.1582   2.0564 15.10204440186086
JASON-3                 
1 41240U 16002A   19119.53519796 -.00000058  00000-0  14029-4 0  9990
2 41240  66.0378 146.9590 0008233 273.6427  86.3646 12.80929141153418
SENTINEL-3A             
1 41335U 16011A   19119.47089442 -.00000012  00000-0  13253-4 0  9996
2 41335  98.6274 187.1701 0001039  91.7977 268.3322 14.26735480166506
SENTINEL-1B             
1 41456U 16025A   19119.54978712 -.00000007  00000-0  82561-5 0  9993
2 41456  98.1816 127.2744 0001473  75.0119 285.1246 14.59197850160228
ZIYUAN 3-2 (ZY 3-2)     
1 41556U 16033A   19119.54877175  .00000531  00000-0  26766-4 0  9999
2 41556  97.3982 197.6437 0003381  59.9785  53.1825 15.21308025161836
NUSAT-1 (FRESCO)        
1 41557U 16033B   19119.52543250  .00001216  00000-0  48445-4 0  9991
2 41557  97.4172 207.3233 0015524 113.1252 247.1625 15.27078441162438
NUSAT-2 (BATATA)        
1 41558U 16033C   19119.49146510  .00001283  00000-0  48166-4 0  9990
2 41558  97.4196 208.1735 0014545 114.3450 245.9310 15.28980039162462
CARTOSAT-2C             
1 41599U 16040A   19119.49831557  .00000420  00000-0  23051-4 0  9993
2 41599  97.3639 178.8033 0012561 212.7145 260.2920 15.19283136158097
SKYSAT-C1               
1 41601U 16040C   19119.51514810  .00000500  00000-0  23983-4 0  9993
2 41601  97.4078 198.7859 0001958  79.5724  45.3925 15.23336932158428
LAPAN-A3                
1 41603U 16040E   19119.47851446  .00000189  00000-0  12004-4 0  9994
2 41603  97.3650 179.4161 0012386 208.3632 276.9484 15.19696524158113
BIROS                   
1 41604U 16040F   19119.22716198  .00000398  00000-0  20628-4 0  9995
2 41604  97.3690 181.5448 0011909 195.3513 164.7364 15.21674556158220
SKYSAT-C4               
1 41771U 16058B   19119.44570273  .00000448  00000-0  21798-4 0  9990
2 41771  97.4037 191.2500 0001305  83.8557 276.2829 15.23364619145360
SKYSAT-C5               
1 41772U 16058C   19119.41339447  .00000436  00000-0  21312-4 0  9993
2 41772  97.4016 190.7835 0001418  82.8824  31.8995 15.23319866145345
SKYSAT-C2               
1 41773U 16058D   19118.76279907  .00000456  00000-0  22117-4 0  9991
2 41773  97.4059 190.7188 0001870  97.9600 262.1850 15.23345713145254
SKYSAT-C3               
1 41774U 16058E   19119.43207156  .00000458  00000-0  22254-4 0  9998
2 41774  97.4069 191.3802 0001713  87.3601 272.7832 15.23314516145351
ALSAT 1B                
1 41785U 16059C   19119.49615933  .00000001  00000-0  94555-5 0  9991
2 41785  98.0690 180.5655 0031150 176.8996 183.2408 14.63316458138217
PATHFINDER 1            
1 41787U 16059E   19119.16527640 -.00000009  00000-0  73727-5 0  9991
2 41787  98.0699 180.8596 0030208 177.5022 182.6341 14.63661858138199
SCATSAT 1               
1 41790U 16059H   19118.68660374  .00000003  00000-0  11766-4 0  9990
2 41790  98.2148 164.9817 0017698 199.4183 160.6339 14.50875862136933
WORLDVIEW-4 (WV-4)      
1 41848U 16067A   19118.89355778 -.00000898  00000-0 -64749-4 0  9998
2 41848  97.8677 198.6332 0058211 200.3468 159.5416 14.99864391133308
GOKTURK 1A              
1 41875U 16073A   19119.46846377  .00000022  00000-0  13398-4 0  9990
2 41875  98.1391  14.7544 0001374  71.7180 288.4170 14.62769157127897
RESOURCESAT-2A          
1 41877U 16074A   19119.41409857 -.00000003  00000-0  18279-4 0  9999
2 41877  98.6347 193.3488 0001818 106.7291 253.4085 14.21663682124076
CARTOSAT-2D             
1 41948U 17008A   19119.05496019  .00000390  00000-0  21649-4 0  9995
2 41948  97.3994 180.4239 0007141  19.5612 340.5858 15.19280060121899
SENTINEL-2B             
1 42063U 17013A   19119.33347229  .00000002  00000-0  17497-4 0  9995
2 42063  98.5690 194.5369 0001412  83.0464 277.0884 14.30815780112012
ZHUHAI-1 02 (CAS 4B)    
1 42759U 17034B   19119.52179700  .00000076  00000-0  18232-4 0  9997
2 42759  43.0175 146.3175 0012340 295.2639 191.9153 15.09547952103259
NUSAT-3 (MILANESAT)     
1 42760U 17034C   19119.48520424  .00000250  00000-0  28534-4 0  9997
2 42760  43.0164 146.7722 0010566 309.2345 197.7655 15.09967036103259
ZHUHAI-1 01 (CAS 4A)    
1 42761U 17034D   19119.49158693  .00000079  00000-0  18346-4 0  9993
2 42761  43.0181 146.0513 0012591 295.2349 214.2001 15.09624860103242
CARTOSAT-2E             
1 42767U 17036C   19118.93441030  .00000473  00000-0  25691-4 0  9998
2 42767  97.4751 178.2632 0010894  54.5008 305.7241 15.19207353102443
FORMOSAT-5              
1 42920U 17049A   19119.47534134 -.00000025  00000-0  50520-5 0  9995
2 42920  98.3296 198.2316 0011107 154.9219 205.2520 14.50841779 88847
SENTINEL-5P             
1 42969U 17064A   19118.88654468 -.00000024  00000-0  92188-5 0  9997
2 42969  98.7326  59.0095 0001108  89.3784 270.7519 14.19556130 79792
SKYSAT-C11              
1 42987U 17068A   19119.37858759  .00000458  00000-0  23297-4 0  9999
2 42987  97.4253 233.6677 0010034  42.6945 317.5069 15.21690102 82743
SKYSAT-C10              
1 42988U 17068B   19119.23754258  .00000470  00000-0  23826-4 0  9996
2 42988  97.4246 233.4202 0006190  69.0290 291.1608 15.21682923 82728
SKYSAT-C9               
1 42989U 17068C   19119.55620698  .00000452  00000-0  23047-4 0  9997
2 42989  97.4268 234.1850 0001395  95.6387 264.5008 15.21654847 82793
SKYSAT-C8               
1 42990U 17068D   19118.88535504  .00000466  00000-0  23648-4 0  9997
2 42990  97.4269 233.4164 0005824  93.1852 267.0051 15.21691381 82685
SKYSAT-C7               
1 42991U 17068E   19118.87466950  .00000482  00000-0  24346-4 0  9999
2 42991  97.4271 233.4225 0007617  98.9391 261.2707 15.21691516 82684
SKYSAT-C6               
1 42992U 17068F   19118.93053180  .00000506  00000-0  25380-4 0  9990
2 42992  97.4272 233.6690 0012517 149.2594 210.9377 15.21720628 82708
CARTOSAT-2F             
1 43111U 18004A   19119.40430556  .00000608  00000-0  32030-4 0  9997
2 43111  97.4390 181.7093 0006233  76.6532 106.7262 15.19255695 71691
MICROSAT-TD             
1 43128U 18004T   19119.10734914  .00015912  00000-0  12802-3 0  9995
2 43128  96.8125 176.7172 0005483 313.4093  46.6714 15.70996879 74061
NUSAT-4 (ADA)           
1 43195U 18015D   19119.45555566  .00001129  00000-0  49826-4 0  9995
2 43195  97.3867 247.7236 0019456 114.7208 285.6794 15.23662375 68682
NUSAT-5 (MARYAM)        
1 43204U 18015K   19119.43367358  .00001109  00000-0  48722-4 0  9996
2 43204  97.3873 247.7587 0018753 116.9343 283.8417 15.23860211 68289
SENTINEL-3B             
1 43437U 18039A   19118.81228291 -.00000022  00000-0  89332-5 0  9990
2 43437  98.6218 186.4596 0000958  73.3143 286.8142 14.26738142 52476
AEOLUS                  
1 43600U 18066A   19119.46730195 -.00000138  00000-0  00000+0 0  9992
2 43600  96.7225 127.0384 0005833 155.6570 204.7792 15.86898347 39562
ICESAT-2                
1 43613U 18070A   19118.89789749  .00000306  00000-0  10903-4 0  9990
2 43613  91.9976 309.4539 0003176  98.6434 261.5175 15.28278704 34428
HYSIS                   
1 43719U 18096A   19119.46758433  .00000069  00000-0  16470-4 0  9996
2 43719  97.9504 187.7486 0011720 124.3445 235.8872 14.78629494 22345
KAZSTSAT                
1 43783U 18099AB  19118.75657465  .00000218  00000-0  26056-4 0  9991
2 43783  97.7617 191.2883 0010117 122.5054 237.7145 14.93599528 21787
SAUDISAT 5A             
1 43831U 18102A   19119.45115480 -.00000226  00000-0 -10586-4 0  9996
2 43831  97.6059 195.5922 0015654 130.8531 350.6302 15.07860100 21596
SAUDISAT 5B             
1 43833U 18102C   19119.54076985  .00000111  00000-0  11236-4 0  9998
2 43833  97.6069 195.7741 0016563 138.3359 335.2743 15.08305235 21605
