LEMUR-1                 
1 40044U 14033AL  19119.18843196  .00000121  00000-0  25509-4 0  9993
2 40044  97.7647 348.6916 0057651 261.4596  98.0077 14.74082041261133
LEMUR-2-JOEL            
1 40932U 15052C   19119.37807126  .00000849  00000-0  27324-4 0  9999
2 40932   6.0086  42.1237 0013924 195.7350 164.2345 14.77822517193932
LEMUR-2-CHRIS           
1 40933U 15052D   19119.31006245  .00000815  00000-0  22546-4 0  9991
2 40933   6.0073  40.2943 0014648 200.8540 159.0990 14.77973022193942
LEMUR-2-JEROEN          
1 40934U 15052E   19092.71775610  .00006655  00000-0  82165-3 0  9995
2 40934   6.0058 247.3582 0010236 145.1885 214.9179 14.77497578189691
LEMUR-2-PETER           
1 40935U 15052F   19118.89465440  .00000843  00000-0  28030-4 0  9996
2 40935   6.0045  56.5878 0010397 161.7844 198.2657 14.77107764193744
LEMUR-2-XIAOQING        
1 41871U 16062C   19119.39613255  .00000566  00000-0  35497-4 0  9990
2 41871  51.6399  82.2788 0005943 168.2965 191.8152 15.25438529134839
LEMUR-2-SOKOLSKY        
1 41872U 16062D   19119.37185482  .00002408  00000-0  10789-3 0  9998
2 41872  51.6870  85.4708 0002820 296.5436  63.5254 15.25233305134811
LEMUR-2-ANUBHAVTHAKUR   
1 41873U 16062E   19119.39542538  .00001480  00000-0  76064-4 0  9998
2 41873  51.6752  91.4704 0004670 118.3663 241.7786 15.23035351134686
LEMUR-2-WINGO           
1 41874U 16062F   19118.95149420  .00000426  00000-0  30580-4 0  9995
2 41874  51.6548  87.5021 0013113  95.1713 265.0763 15.24926898134712
LEMUR-2-SATCHMO         
1 41991U 17008AV  19118.87170142  .00001066  00000-0  46798-4 0  9991
2 41991  97.4065 185.2938 0006774 340.7245  19.3735 15.24092564121473
LEMUR-2-MIA-GRACE       
1 41992U 17008AW  19118.79511383  .00001504  00000-0  63124-4 0  9998
2 41992  97.4078 185.9131 0006496 339.4822  20.6154 15.25021060121505
LEMUR-2-SMITA-SHARAD    
1 41993U 17008AX  19118.78977582  .00001073  00000-0  46846-4 0  9998
2 41993  97.4063 185.3938 0006675 340.3810  19.7170 15.24282305121479
LEMUR-2-SPIRE-MINIONS   
1 41994U 17008AY  19118.81830796  .00001461  00000-0  61452-4 0  9999
2 41994  97.4076 185.8544 0006522 338.1531  21.9428 15.24974114121509
LEMUR-2-RDEATON         
1 41995U 17008AZ  19118.76259995  .00001061  00000-0  46270-4 0  9997
2 41995  97.4066 185.4462 0008119 352.9525   7.1596 15.24346487122155
LEMUR-2-NOGUECORREIG    
1 41996U 17008BA  19119.47460252  .00001355  00000-0  57368-4 0  9993
2 41996  97.4092 186.5977 0007802 350.1308   9.9775 15.24882156121500
LEMUR-2-JOBANPUTRA      
1 41997U 17008BB  19118.74668605  .00001531  00000-0  64066-4 0  9994
2 41997  97.4089 186.0403 0007860 352.1490   7.9624 15.25081655121499
LEMUR-2-TACHIKOMA       
1 41998U 17008BC  19118.80340900  .00001057  00000-0  46231-4 0  9994
2 41998  97.4065 185.3808 0008035 353.6526   6.4608 15.24240818121398
LEMUR-2-ANGELA          
1 42752U 17019B   19119.33882833  .00000772  00000-0  38280-4 0  9998
2 42752  51.6427  11.5737 0009275 258.7951 101.1987 15.30218405105508
LEMUR-2-JENNYBARNA      
1 42753U 17019C   19119.16247668  .00002751  00000-0  10178-3 0  9995
2 42753  51.6415   9.7090 0008899 260.3179  99.6797 15.31223982105461
LEMUR-2-ROBMOORE        
1 42754U 17019D   19119.18188860  .00001771  00000-0  72108-4 0  9999
2 42754  51.6425  12.7577 0009248 260.6629  99.3306 15.30116272105453
LEMUR-2-SPIROVISION     
1 42755U 17019E   19119.19755969  .00000807  00000-0  38339-4 0  9998
2 42755  51.6408   9.7434 0007963 264.0390 169.2015 15.31271845105383
LEMUR-2-SHAINAJOHL      
1 42771U 17036G   19118.89278926  .00001306  00000-0  60178-4 0  9995
2 42771  97.3572 177.2286 0015740  44.4659 315.7838 15.21947163102500
LEMUR-2-XUENITERENCE    
1 42772U 17036H   19119.38514012  .00001404  00000-0  64157-4 0  9990
2 42772  97.3554 177.7417 0015212  42.2408 317.9997 15.22109534102585
LEMUR-2-LUCYBRYCE       
1 42773U 17036J   19118.94182701  .00000958  00000-0  44541-4 0  9996
2 42773  97.3589 177.6650 0015141  43.1277 317.1143 15.22257816102534
LEMUR-2-KUNGFOO         
1 42774U 17036K   19119.09751458  .00001316  00000-0  60351-4 0  9991
2 42774  97.3572 177.5666 0015108  43.2593 316.9827 15.22097337102534
LEMUR-2-LYNSEY-SYMO     
1 42779U 17036Q   19118.90015603  .00001917  00000-0  83621-4 0  9992
2 42779  97.3589 178.3546 0013240  51.8466 308.3962 15.23291930102555
LEMUR-2-LISASAURUS      
1 42780U 17036R   19119.46943368  .00001080  00000-0  49200-4 0  9990
2 42780  97.3576 178.5997 0013358  50.2468 309.9943 15.22735567102633
LEMUR-2-SAM-AMELIA      
1 42781U 17036S   19118.77463806  .00001060  00000-0  47995-4 0  9995
2 42781  97.3590 178.1932 0013415  52.2875 307.9576 15.22982196102534
LEMUR-2-MCPEAKE         
1 42782U 17036T   19118.92497724  .00001296  00000-0  58040-4 0  9993
2 42782  97.3585 178.3134 0013055  51.4990 308.7415 15.22968914102559
LEMUR-2-GREENBERG       
1 42837U 17042N   19118.93641813  .00000438  00000-0  48687-4 0  9995
2 42837  97.5719  14.6008 0011874 221.3888 138.6433 14.91816164 97427
LEMUR-2-ANDIS           
1 42838U 17042P   19118.92595233  .00000555  00000-0  60221-4 0  9997
2 42838  97.5718  14.6126 0011961 221.3619 138.6696 14.91836830 97420
LEMUR-2-MONSON          
1 42839U 17042Q   19118.67252517  .00000268  00000-0  31958-4 0  9991
2 42839  97.5721  14.3364 0011711 221.6866 138.3461 14.91684835 97384
LEMUR-2-FURIAUS         
1 42840U 17042R   19119.22455835  .00000117  00000-0  16914-4 0  9991
2 42840  97.5719  14.9780 0011878 219.4934 140.5420 14.91848675 97469
LEMUR-2-PETERG          
1 42841U 17042S   19119.21652920  .00000220  00000-0  26942-4 0  9992
2 42841  97.5724  15.1524 0011388 216.9895 143.0540 14.92053190 97483
LEMUR-2-DEMBITZ         
1 42842U 17042T   19119.20828092  .00000277  00000-0  32565-4 0  9997
2 42842  97.5722  15.1495 0011574 217.9347 142.1058 14.92075346 97480
LEMUR-2-ZACHARY         
1 42845U 17042W   19119.18347503  .00000526  00000-0  56709-4 0  9993
2 42845  97.5668  14.9083 0011789 222.1752 137.8561 14.92310647 97484
LEMUR-2-ARTFISCHER      
1 42881U 17042BJ  19119.43654607  .00003407  00000-0  91911-4 0  9992
2 42881  96.9470   4.4684 0013375  46.3980 313.8374 15.38342821100192
LEMUR-2-ROCKETJONAH     
1 43041U 17071E   19118.90306726  .00006349  00000-0  15062-3 0  9990
2 43041  51.6381 296.5451 0000705 178.0299 182.0690 15.43043264 80600
LEMUR-2-YONGLIN         
1 43045U 17071J   19118.90543220  .00005667  00000-0  13218-3 0  9999
2 43045  51.6389 295.0904 0003573 328.9718  31.1056 15.43790138 78344
LEMUR-2-KEVIN           
1 43046U 17071K   19119.51461661  .00004146  00000-0  10274-3 0  9996
2 43046  51.6393 293.9205 0003261 326.6549  33.4231 15.42708622 78427
LEMUR-2-BRIANDAVIE      
1 43047U 17071L   19118.75492633  .00005192  00000-0  12626-3 0  9990
2 43047  51.6381 298.5321 0002558  13.3782 346.7271 15.42712034 78282
LEMUR-2-ROMACOSTE       
1 43048U 17071M   19118.61932908  .00004905  00000-0  11786-3 0  9997
2 43048  51.6389 298.4186 0002615  14.2972 345.8087 15.43215685 78279
LEMUR-2-MCCULLAGH       
1 43051U 17071Q   19119.10844039  .00005122  00000-0  12290-3 0  9996
2 43051  51.6390 295.6786 0001591 125.1994 234.9141 15.43154660 78306
LEMUR-2-DUNLOP          
1 43053U 17071S   19119.51982519  .00004652  00000-0  11524-3 0  9995
2 43053  51.6376 295.3798 0001544 130.6168 229.4952 15.42412158 78356
LEMUR-2-LIU-POU-CHUN    
1 43054U 17071T   19119.49932482  .00006015  00000-0  14360-3 0  9993
2 43054  51.6381 293.7816 0000392 172.7977 187.3014 15.42957349 78370
LEMUR-2-MCCAFFERTY      
1 43123U 18004N   19118.91970481  .00001673  00000-0  71967-4 0  9996
2 43123  97.4930 187.0420 0011374  74.2386 286.0104 15.24010761 71786
LEMUR-2-PETERWEBSTER    
1 43124U 18004P   19119.41309363  .00001940  00000-0  83323-4 0  9994
2 43124  97.4930 187.4560 0011467  72.5524 287.6965 15.23856939 71858
LEMUR-2-BROWNCOW        
1 43125U 18004Q   19119.43427540  .00002154  00000-0  91449-4 0  9991
2 43125  97.4929 187.5731 0011342  73.7708 286.4776 15.24129601 71865
LEMUR-2-DAVEWILSON      
1 43126U 18004R   19118.92365354  .00002102  00000-0  89645-4 0  9997
2 43126  97.4930 187.0391 0011387  75.4845 284.7654 15.24000998 71789
LEMUR-2-MARSHALL        
1 43165U 18010C   19119.02888014  .00001773  00000-0  80735-4 0  9996
2 43165  82.9185  65.6536 0033488  60.3908 300.0657 15.19468514 70267
LEMUR-2-TALLHAMN-ATC    
1 43167U 18010E   19118.92835332  .00001564  00000-0  75667-4 0  9997
2 43167  82.9217  67.1635 0026824  69.7194 290.6920 15.17486485 70169
LEMUR-2-JIN-LUEN        
1 43182U 18014C   19118.71272421  .00000160  00000-0  19277-4 0  9995
2 43182  97.7069  27.1869 0014037 172.7141 187.4287 14.96211493 67481
LEMUR-2-URAMCHANSOL     
1 43183U 18014D   19119.43695369  .00000668  00000-0  64188-4 0  9990
2 43183  97.7070  27.9230 0014033 170.0380 190.1123 14.96258877 67595
LEMUR-2-KADI            
1 43184U 18014E   19119.29615528  .00000923  00000-0  86698-4 0  9998
2 43184  97.7069  27.8029 0014030 171.4827 188.6635 14.96283798 67575
LEMUR-2-THENICKMOLO     
1 43185U 18014F   19118.68909732  .00000900  00000-0  84693-4 0  9992
2 43185  97.7068  27.2178 0013745 174.2188 185.9195 14.96262389 67481
LEMUR-2-VU              
1 43558U 18046E   19118.79567705  .00001302  00000-0  57927-4 0  9990
2 43558  51.6422 300.1045 0007154 246.8726 113.1501 15.29097389 43778
LEMUR-2-ALEXANDER       
1 43559U 18046F   19118.92170287  .00001724  00000-0  72456-4 0  9993
2 43559  51.6425 299.4472 0007223 247.3618 112.6599 15.29183144 43573
LEMUR-2-YUASA           
1 43560U 18046G   19119.05996336  .00001603  00000-0  68449-4 0  9994
2 43560  51.6404 298.8628 0007316 262.6078  97.4071 15.29089585 43817
LEMUR-2-TOMHENDERSON    
1 43561U 18046H   19119.51390510  .00002016  00000-0  82844-4 0  9992
2 43561  51.6403 296.6452 0007261 264.3698  95.6454 15.29091137 43444
LEMUR-2-ZUPANSKI        
1 43695U 18088F   19118.93526612  .00001517  00000-0  67984-4 0  9998
2 43695  85.0336 351.7200 0019071  37.3192 322.9369 15.20161313 25638
LEMUR-2-CHANUSIAK       
1 43697U 18088H   19119.17907521  .00001225  00000-0  53394-4 0  9995
2 43697  85.0395 351.5681 0017061  20.8433 339.3501 15.20916490 25698
LEMUR-2-ORZULAK         
1 43731U 18096N   19118.89742507  .00002127  00000-0  82253-4 0  9990
2 43731  97.4638 189.0710 0022204 151.4252 208.8209 15.27140807 22999
LEMUR-2-KOBYSZCZE       
1 43732U 18096P   19119.15103606  .00002361  00000-0  90598-4 0  9993
2 43732  97.4641 189.3465 0022304 150.9367 209.3119 15.27273524 23031
LEMUR-2-DULY            
1 43745U 18096AC  19119.48464404  .00002454  00000-0  94214-4 0  9991
2 43745  97.4638 189.6631 0022149 149.5243 210.7288 15.27218984 23091
LEMUR-2-VLADIMIR        
1 43746U 18096AD  19119.47595931  .00002388  00000-0  91448-4 0  9993
2 43746  97.4636 189.6710 0022282 149.9394 210.3129 15.27326815 23113
LEMUR-2-CHRISTINAHOLT   
1 43882U 18111G   19119.18617055  .00000037  00000-0  83504-5 0  9996
2 43882  97.7232  28.0339 0011089 186.1084 174.0004 14.96465949 16391
LEMUR-2-TINYKEV         
1 43883U 18111H   19118.78123791  .00000401  00000-0  40329-4 0  9993
2 43883  97.7236  27.6475 0010984 186.8754 173.2319 14.96522972 18332
LEMUR-2-REMY-COLTON     
1 43884U 18111J   19119.18090464  .00000281  00000-0  29814-4 0  9991
2 43884  97.7240  28.0503 0010858 185.3586 174.7521 14.96522957 16390
LEMUR-2-GUSTAVO         
1 43885U 18111K   19119.17567778  .00000421  00000-0  42104-4 0  9991
2 43885  97.7242  28.0613 0011070 184.0642 176.0492 14.96577210 16395
LEMUR-2-ZO              
1 43886U 18111L   19118.70104536  .00000876  00000-0  81836-4 0  9998
2 43886  97.7246  27.6149 0011035 184.4612 175.6513 14.96655743 16332
LEMUR-2-NATALIEMURRAY   
1 43887U 18111M   19118.69259097  .00000987  00000-0  91310-4 0  9991
2 43887  97.7243  27.6254 0011331 183.9925 176.1208 14.96770721 18329
LEMUR-2-SARAHBETTYBOO   
1 43888U 18111N   19119.22227148  .00000885  00000-0  82217-4 0  9997
2 43888  97.7247  28.1715 0011413 181.4755 178.6435 14.96831282 18405
LEMUR-2-DAISY-HARPER    
1 43889U 18111P   19119.21786541  .00000757  00000-0  70944-4 0  9996
2 43889  97.7244  28.1757 0011368 181.8340 178.2842 14.96895236 18397
LEMUR-2-JOHANLORAN      
1 44084U 19018G   19119.22527400  .00001866  00000-0  86022-4 0  9995
2 44084  97.4612 179.5375 0014005 176.9318 183.2006 15.21453185  4237
LEMUR-2-BEAUDACIOUS     
1 44085U 19018H   19119.22464803  .00001931  00000-0  88825-4 0  9999
2 44085  97.4613 179.5385 0013955 177.6521 182.4783 15.21482956  4238
LEMUR-2-ELHAM           
1 44086U 19018J   19119.15845702  .00002200  00000-0  10066-3 0  9994
2 44086  97.4615 179.4753 0014132 178.2316 181.8972 15.21514106  4221
LEMUR-2-VICTOR-ANDREW   
1 44087U 19018K   19119.15730756  .00001988  00000-0  91100-4 0  9998
2 44087  97.4614 179.4764 0013924 179.2728 180.8531 15.21575028  4230
