TDRS 3                  
1 19548U 88091B   19119.39110038 -.00000303  00000-0  00000+0 0  9995
2 19548  14.3547   1.2326 0035780 323.3603 344.3673  1.00277114 99236
HST                     
1 20580U 90037B   19119.21926199  .00000409  00000-0  13953-4 0  9992
2 20580  28.4685 185.6818 0002514 304.9088  89.9191 15.09214215393250
TDRS 5                  
1 21639U 91054B   19118.63131822  .00000081  00000-0  00000+0 0  9994
2 21639  14.6712  14.5122 0025827 353.8918 267.8382  1.00263922101575
TDRS 6                  
1 22314U 93003B   19119.39170157 -.00000296  00000-0  00000+0 0  9998
2 22314  14.2685  17.5719 0005567   1.8461 292.8393  1.00274379 96243
TDRS 7                  
1 23613U 95035B   19118.58035361 -.00000203  00000-0  00000-0 0  9994
2 23613  14.3810   8.2750 0037544  33.0990 108.4262  1.00268957 87111
ISS (ZARYA)             
1 25544U 98067A   19119.58445602  .00001381  00000-0  29512-4 0  9991
2 25544  51.6417 242.7729 0000881 251.7287 292.8847 15.52604127167702
LANDSAT 7               
1 25682U 99020A   19119.38838887  .00000022  00000-0  14755-4 0  9997
2 25682  98.1308 187.9793 0001823  79.2326 280.9081 14.57152057 65793
TERRA                   
1 25994U 99068A   19119.20072509 -.00000161  00000-0 -25716-4 0  9992
2 25994  98.2055 194.4815 0000974 100.3211 259.8092 14.57109570 29847
TDRS 8                  
1 26388U 00034A   19119.05167052 -.00000234  00000-0  00000+0 0  9990
2 26388   8.5885  50.4829 0015196 302.2244 331.9190  1.00271144 69045
TIMED                   
1 26998U 01055B   19119.20979196  .00000071  00000-0  11742-4 0  9996
2 26998  74.0740  39.7723 0002295 249.2142 110.8793 14.88103068942778
TDRS 9                  
1 27389U 02011A   19118.83323140 -.00000289  00000-0  00000+0 0  9996
2 27389   6.6382  71.3453 0024861 265.3726 117.4644  1.00271436 64305
AQUA                    
1 27424U 02022A   19118.88858567  .00000040  00000-0  18975-4 0  9998
2 27424  98.1996  60.5110 0001489 156.4003 265.4844 14.57116625903358
TDRS 10                 
1 27566U 02055A   19119.38695478  .00000090  00000-0  00000+0 0  9997
2 27566   6.1974  55.4574 0009389 288.9143 200.9131  1.00278291 60090
SORCE                   
1 27651U 03004A   19119.21831878 -.00000004  00000-0  13789-4 0  9994
2 27651  39.9946 125.4313 0022738 340.8213  19.1719 14.88988144882310
AURA                    
1 28376U 04026A   19119.15700415  .00000050  00000-0  21204-4 0  9990
2 28376  98.1990  62.9374 0001322  94.6499 265.4850 14.57119458786482
SWIFT                   
1 28485U 04047A   19119.18999839  .00000793  00000-0  23827-4 0  9994
2 28485  20.5574  51.3322 0011193 203.9160 156.0754 15.04360669790873
THEMIS A                
1 30580U 07004A   19119.12038353 -.00000631  00000-0  00000+0 0  9993
2 30580   9.0498 102.0469 8373971 291.0174   4.2736  0.87838341 43058
THEMIS D                
1 30797U 07004D   19118.76682089 -.00000825  00000-0  00000+0 0  9998
2 30797   7.2563  59.0558 8540998 340.4534   0.6817  0.75219369 43033
THEMIS E                
1 30798U 07004E   19119.06095380 -.00000719  00000-0  00000+0 0  9997
2 30798   6.4259  79.2344 8416602 320.6780   1.8510  0.81733761 43195
AIM                     
1 31304U 07015A   19119.19483545  .00000557  00000-0  35552-4 0  9995
2 31304  97.9637 340.0989 0004857 353.5293   6.5873 15.13047580657888
FGRST (GLAST)           
1 33053U 08029A   19119.18707255  .00000470  00000-0  10084-4 0  9997
2 33053  25.5835  48.0395 0012095 240.7605 119.1721 15.11212561600445
WISE                    
1 36119U 09071A   19118.66496733  .00000662  00000-0  25707-4 0  9990
2 36119  97.3775 154.2349 0004242  74.7933 285.3776 15.29542449520250
TDRS 11                 
1 39070U 13004A   19119.03569499  .00000065  00000-0  00000+0 0  9993
2 39070   4.4418 329.5200 0003613  45.6898  39.9259  1.00269529 22854
TDRS 12                 
1 39504U 14004A   19118.89154653 -.00000284  00000-0  00000-0 0  9996
2 39504   5.1778 336.5015 0000335   5.5024 154.5609  1.00276772 18147
GPM-CORE                
1 39574U 14009C   19118.86337259  .00001594  00000-0  27107-4 0  9995
2 39574  65.0039 125.0723 0012111 288.7585  71.2247 15.55945142293392
MMS 1                   
1 40482U 15011A   19113.00725694 -.00000388  00000-0  00000+0 0  9993
2 40482   9.1997 114.3474 9082313  16.0195 324.3678  0.28567424 10009
MMS 2                   
1 40483U 15011B   19113.99710648 -.00000299  00000-0  00000-0 0  9997
2 40483   9.2678 114.3866 9080224  15.9938  66.0716  0.28546502 10102
MMS 3                   
1 40484U 15011C   19113.99829861 -.00000299  00000-0  00000-0 0  9996
2 40484   9.2449 114.3648 9080860  16.0203  66.1919  0.28541459  9795
MMS 4                   
1 40485U 15011D   19109.03968750 -.00000042  00000-0  00000+0 0  9993
2 40485   9.0353 114.2727 9085714  16.0861 276.4020  0.28548433  9976
TDRS 13                 
1 42915U 17047A   19119.41745021 -.00000116  00000-0  00000+0 0  9993
2 42915   6.1971 330.5729 0016141  80.7549 304.5516  1.00272884  6251
JPSS-1                  
1 43013U 17073A   19118.91944947 -.00000008  00000-0  16831-4 0  9998
2 43013  98.7173  57.8570 0001543  83.1053 277.0298 14.19553611 74702
