APRIZESAT 2             
1 28366U 04025A   19118.72472441 -.00000018  00000-0  82143-5 0  9990
2 28366  98.3056  20.2849 0107803 172.5038 187.7792 14.36671930777303
SAUDICOMSAT 1           
1 28369U 04025D   19118.84554437  .00000054  00000-0  24131-4 0  9993
2 28369  98.2861  68.5741 0034883  89.5020 271.0172 14.52488469785590
SAUDICOMSAT 2           
1 28370U 04025E   19118.81248353  .00000005  00000-0  13728-4 0  9995
2 28370  98.3830  64.2083 0056757 238.3325 121.2325 14.47425293782916
APRIZESAT 1             
1 28372U 04025G   19118.83466330  .00000037  00000-0  21248-4 0  9997
2 28372  98.3413  65.9643 0046614 166.9664 193.2747 14.49585340784177
NANOSAT-1               
1 28493U 04049B   19119.44685241  .00000050  00000-0  15631-4 0  9993
2 28493  98.1364 203.4435 0004418   8.3393 351.7888 14.73494636771241
SAUDICOMSAT 7           
1 31119U 07012C   19118.81087750  .00000038  00000-0  16856-4 0  9992
2 31119  98.0457  69.5611 0061472  82.5184 278.2996 14.61720378641335
SAUDICOMSAT 6           
1 31121U 07012E   19118.78466317  .00000039  00000-0  18112-4 0  9999
2 31121  98.1045  63.6448 0077022 160.2041 200.2176 14.58521019639934
SAUDICOMSAT 5           
1 31124U 07012H   19119.11735452  .00000041  00000-0  16832-4 0  9999
2 31124  98.0085  73.1375 0052665  42.2031 318.3207 14.63420741642137
SAUDICOMSAT 3           
1 31125U 07012J   19119.12347052  .00000062  00000-0  20350-4 0  9999
2 31125  97.9687  76.6379 0043459   3.2969 356.8513 14.65163398642854
SAUDICOMSAT 4           
1 31127U 07012L   19119.43193856  .00000035  00000-0  16694-4 0  9992
2 31127  98.0754  67.5751 0069275 117.0782 243.7508 14.60234016640821
APRIZESAT 4             
1 35684U 09041D   19119.45150964  .00000055  00000-0  14846-4 0  9992
2 35684  98.2209  82.6069 0048479  66.3375 294.2913 14.79199509525838
APRIZESAT 3             
1 35686U 09041F   19118.90826289  .00000052  00000-0  12536-4 0  9994
2 35686  98.2396 156.5233 0072078 322.0766  37.5385 14.87294269528314
AISSAT 1                
1 36797U 10035C   19119.41059909  .00000155  00000-0  24219-4 0  9992
2 36797  98.1131 253.3568 0009879 298.4191  61.6027 14.86163902476476
S-NET D                 
1 43186U 18014G   19118.81319721  .00000265  00000-0  28335-4 0  9996
2 43186  97.7120  27.9986 0011337 168.9265 191.2208 14.96615356 67522
S-NET B                 
1 43187U 18014H   19119.21418364  .00000304  00000-0  31755-4 0  9999
2 43187  97.7118  28.3835 0011387 167.4418 192.7090 14.96615677 67584
S-NET A                 
1 43188U 18014J   19119.21396326  .00000290  00000-0  30493-4 0  9995
2 43188  97.7121  28.3983 0011349 167.4875 192.6630 14.96615336 67589
S-NET C                 
1 43189U 18014K   19119.21429088  .00000309  00000-0  32150-4 0  9991
2 43189  97.7119  28.3813 0011365 167.4542 192.6964 14.96615242 66134
