BEIDOU 3                
1 36287U 10001A   19119.08658052 -.00000292  00000-0  00000+0 0  9996
2 36287   1.4258 354.0744 0002231 147.3622 246.4566  1.00277500 34044
BEIDOU 4                
1 36590U 10024A   19118.43076417 -.00000143  00000-0  00000+0 0  9990
2 36590   1.6012  37.9151 0003422  50.4115   2.4120  1.00270841 32645
BEIDOU 5                
1 36828U 10036A   19118.93178206 -.00000142  00000-0  10000-3 0  9995
2 36828  54.1457 186.9078 0079808 233.2422 251.3923  1.00279063 32080
BEIDOU 6                
1 37210U 10057A   19118.87754725 -.00000120  00000-0  00000-0 0  9995
2 37210   0.7448  39.9202 0000630 211.2020  81.3456  1.00270738 31144
BEIDOU 7                
1 37256U 10068A   19118.90876588 -.00000196  00000-0  10000-3 0  9990
2 37256  52.1553 303.2454 0065188 203.1524 156.3784  1.00285883 30666
BEIDOU 8                
1 37384U 11013A   19119.51225656 -.00000181  00000-0  10000-3 0  9999
2 37384  58.7137  65.8509 0040037 209.4707 246.0561  1.00269867 29558
BEIDOU 9                
1 37763U 11038A   19119.12580502 -.00000078  00000-0  10000-3 0  9993
2 37763  54.4361 189.3216 0061079 222.9436 303.6754  1.00257971 28518
BEIDOU 10               
1 37948U 11073A   19119.48035319 -.00000135  00000-0  10000-3 0  9991
2 37948  52.2341 302.7881 0056654 207.0524 335.3226  1.00264892 27279
BEIDOU 11               
1 38091U 12008A   19118.98316921  .00000048  00000-0  00000+0 0  9992
2 38091   2.0307  69.2164 0005281 313.5782 246.6471  1.00277924 26345
BEIDOU 12               
1 38250U 12018A   19119.24698169 -.00000104  00000-0  10000-3 0  9996
2 38250  56.6098  31.4259 0021477 241.6344  39.6446  1.86232956 47750
BEIDOU 13               
1 38251U 12018B   19118.63230388 -.00000106  00000-0  10000-3 0  9996
2 38251  56.5440  30.8406 0026092 236.1895  60.8162  1.86233650 47748
BEIDOU 15               
1 38775U 12050B   19119.19362468  .00000062  00000-0  00000+0 0  9995
2 38775  54.9412 150.3069 0023708 248.1067 263.0901  1.86232162 45134
BEIDOU 16               
1 38953U 12059A   19119.00595848 -.00000182  00000-0  00000+0 0  9996
2 38953   1.7679  83.1682 0004635 235.2700 344.3980  1.00274357 23910
BEIDOU 17               
1 40549U 15019A   19118.27289132 -.00000155  00000-0  00000+0 0  9993
2 40549  53.6256 325.9845 0037549 187.4909 256.2445  1.00263684 14949
BEIDOU 18               
1 40748U 15037A   19119.31337668 -.00000105  00000-0  00000+0 0  9993
2 40748  55.8152  30.3723 0007992 290.0641  10.8187  1.86231216 25583
BEIDOU 19               
1 40749U 15037B   19118.57292794 -.00000107  00000-0  00000+0 0  9993
2 40749  55.8169  30.3862 0007029 312.9813 327.6315  1.86234375 25561
BEIDOU 20               
1 40938U 15053A   19119.43899747 -.00000132  00000-0  00000+0 0  9996
2 40938  53.2321 288.9466 0048224 180.0264   2.7592  1.00275951 13230
BEIDOU 21               
1 41315U 16006A   19118.72175279  .00000055  00000-0  00000+0 0  9996
2 41315  55.1234 150.6621 0004148 256.9732 137.6064  1.86231974 22055
BEIDOU IGSO-6           
1 41434U 16021A   19118.81697115 -.00000134  00000-0  00000+0 0  9992
2 41434  56.4661  64.9757 0032953 202.0460 338.1792  1.00259731 11351
BEIDOU-2 G7             
1 41586U 16037A   19119.57597216 -.00000360  00000-0  00000+0 0  9993
2 41586   0.8326  35.1994 0009174  11.3438 128.6019  1.00272405 10657
BEIDOU-3 M1             
1 43001U 17069A   19118.98284666  .00000059  00000-0  00000+0 0  9993
2 43001  55.0966 150.1604 0011783 282.5356 219.4111  1.86231794 10066
BEIDOU-3 M2             
1 43002U 17069B   19119.16539690  .00000062  00000-0  00000+0 0  9999
2 43002  55.0972 150.1897 0010897 300.0209   8.7193  1.86231538 10050
BEIDOU-3 M3             
1 43107U 18003A   19118.72174390 -.00000106  00000-0  00000+0 0  9997
2 43107  55.2354  31.8341 0005104  12.8873 164.1607  1.86232723  8816
BEIDOU-3 M4             
1 43108U 18003B   19118.65471815 -.00000106  00000-0  00000-0 0  9993
2 43108  55.2300  31.8321 0003479 255.4716 281.7028  1.86232720  8810
BEIDOU-3 M5             
1 43207U 18018A   19118.30145732  .00000049  00000-0  00000+0 0  9991
2 43207  55.0551 150.3358 0008359 314.3996  45.5980  1.86231686  8194
BEIDOU-3 M6             
1 43208U 18018B   19117.83125034  .00000042  00000-0  00000-0 0  9996
2 43208  55.0551 150.3576 0010319 291.8209  68.1343  1.86231806  8189
BEIDOU-3 M7             
1 43245U 18029A   19118.50604163 -.00000108  00000-0  00000+0 0  9992
2 43245  55.2010  29.6665 0001858 318.0755 344.1870  1.86232738  7349
BEIDOU-3 M8             
1 43246U 18029B   19118.31172823 -.00000109  00000-0  10000-3 0  9991
2 43246  55.1959  29.7060 0005718 328.2556 249.2714  1.86232965  7335
BEIDOU IGSO-7           
1 43539U 18057A   19119.55858917 -.00000127  00000-0  00000+0 0  9994
2 43539  55.0347 186.0658 0023418 197.7292 145.7602  1.00292795  3024
BEIDOU-3 M9             
1 43581U 18062A   19118.75915359 -.00000029  00000-0  00000+0 0  9993
2 43581  54.8122 271.4239 0001706 234.2767 132.6708  1.86231651  5092
BEIDOU-3 M10            
1 43582U 18062B   19118.75411903 -.00000029  00000-0  00000+0 0  9990
2 43582  54.8084 271.4117 0003911  11.0192  83.0207  1.86231875  5099
BEIDOU-3 M11            
1 43602U 18067A   19118.89467036 -.00000030  00000-0  00000-0 0  9994
2 43602  54.8720 269.9296 0005446 353.4513 238.4678  1.86231585  4583
BEIDOU-3 M12            
1 43603U 18067B   19118.71448250 -.00000029  00000-0  00000-0 0  9991
2 43603  54.8688 269.9050 0002813 345.8060  35.9612  1.86231453  4607
BEIDOU-3 M13            
1 43622U 18072A   19119.09735285  .00000061  00000-0  00000+0 0  9991
2 43622  55.0167 149.9080 0008311 280.3872  28.2923  1.86231683  4117
BEIDOU-3 M14            
1 43623U 18072B   19119.18265125  .00000062  00000-0  00000+0 0  9994
2 43623  55.0185 149.8950 0007038 298.7465 157.2475  1.86231731  4129
BEIDOU-3 M15            
1 43647U 18078A   19118.57308722 -.00000108  00000-0  10000-3 0  9996
2 43647  55.0904  29.9233 0008124 333.2475 329.2858  1.86232830  3620
BEIDOU-3 M16            
1 43648U 18078B   19118.70659514 -.00000108  00000-0  10000-3 0  9990
2 43648  55.0868  29.9266 0005901 340.8552 320.9469  1.86232420  3638
BEIDOU-3 G1             
1 43683U 18085A   19118.58728479 -.00000259  00000-0  00000-0 0  9993
2 43683   2.6922 270.3984 0001359 137.2749 164.4314  1.00267353  1923
BEIDOU-3 M17            
1 43706U 18093A   19118.99433373 -.00000030  00000-0  00000+0 0  9995
2 43706  54.8897 271.2191 0007812 254.4628 135.2810  1.86231506  2997
BEIDOU-3 M18            
1 43707U 18093B   19119.28423981 -.00000031  00000-0  00000+0 0  9994
2 43707  54.8873 271.1968 0006602 282.6267  31.6606  1.86231800  2990
BEIDOU-3 IGSO-1         
1 44204U 19023A   19110.85909737 -.00001292  13514-5  00000+0 0  9992
2 44204  28.4727  65.8375 7303417 179.7932 189.7510  2.28217424    06
