STARLETTE               
1 07646U 75010A   19119.03273424 -.00000140  00000-0  44006-5 0  9997
2 07646  49.8245 311.1071 0205705  93.8751 268.5685 13.82305992234037
LAGEOS 1                
1 08820U 76039A   19119.15638122 -.00000005  00000-0  00000+0 0  9997
2 08820 109.8589   6.6811 0044349 140.4841  25.3231  6.38665011747121
AJISAI (EGS)            
1 16908U 86061A   19119.22509434 -.00000097  00000-0  10478-7 0  9999
2 16908  50.0092 240.4538 0011331  28.1743  46.9121 12.44489671156249
LAGEOS 2                
1 22195U 92070B   19119.56810628 -.00000009  00000-0  00000+0 0  9993
2 22195  52.6455 113.3705 0138781 127.8581 258.7265  6.47294218626943
STELLA                  
1 22824U 93061B   19118.93277883 -.00000040  00000-0  24612-5 0  9999
2 22824  98.9194  95.4015 0005595 225.1118 197.0775 14.27376763332963
LARES                   
1 38077U 12006A   19119.18587383 -.00000035  00000-0  22012-4 0  9998
2 38077  69.4936  63.5207 0009497 326.6364  33.4113 12.54930942330219
