GOES 1 (SMS-C) [-]      
1 08366U 75100A   19118.60830866 -.00000094  00000-0  00000-0 0  9997
2 08366  10.8257 310.2119 0004065 346.4298  28.8450  1.00316892158939
GOES 2 [-]              
1 10061U 77048A   19118.57260976  .00000048  00000-0  00000+0 0  9997
2 10061  12.1996 319.8343 0017252 350.7861 182.7376  0.99393255 97607
GOES 3 [-]              
1 10953U 78062A   19118.04068670 -.00000028  00000-0  00000+0 0  9992
2 10953  12.4148 323.6558 0004410  15.4111 335.4657  0.99357460102698
GOES 4 [-]              
1 11964U 80074A   19118.88533184 -.00000270  00000-0  00000-0 0  9990
2 11964  13.2607 327.3847 0036371  33.4517 143.8829  0.99232783101571
GOES 5 [-]              
1 12472U 81049A   19118.17593353 -.00000042  00000-0  00000+0 0  9990
2 12472  13.6798 337.8651 0004077 336.2753 206.8718  1.00335918 96829
GOES 6 [-]              
1 14050U 83041A   19118.57222593 -.00000063  00000-0  00000+0 0  9990
2 14050  14.0226 342.8445 0002964  15.5059 309.1425  1.00324482189920
GOES 7 [-]              
1 17561U 87022A   19117.90968959 -.00000193  00000-0  00000+0 0  9996
2 17561  15.0045 358.9006 0008262 349.9095 180.6006  0.99908375100939
GOES 8 [-]              
1 23051U 94022A   19118.31997455  .00000034  00000-0  00000+0 0  9997
2 23051  12.1466  32.8827 0008192 309.0629 233.3661  0.98903197 98335
GOES 9 [-]              
1 23581U 95025A   19118.39444837  .00000006  00000-0  00000+0 0  9997
2 23581  11.6372  32.6539 0004603  13.2961 174.7048  0.98799450 87001
GOES 10 [-]             
1 24786U 97019A   19117.98436351 -.00000179  00000-0  00000+0 0  9998
2 24786  10.1245  37.9675 0025444 183.1196 349.9405  0.99126294 80214
GOES 11 [-]             
1 26352U 00022A   19118.59792758 -.00000054  00000-0  00000+0 0  9993
2 26352   6.3238  68.1262 0003202 243.6709 317.7438  0.99044011 69180
GOES 12 [-]             
1 26871U 01031A   19118.86123413  .00000031  00000-0  00000-0 0  9991
2 26871   7.5218  55.3664 0009354 269.9404 279.7748  0.99134424 64924
GOES 13 [B]             
1 29155U 06018A   19118.89139265 -.00000292  00000-0  00000-0 0  9994
2 29155   0.3162 283.8468 0012206 137.0102  56.3877  1.00283487 17243
GOES 14 [S]             
1 35491U 09033A   19118.89656466 -.00000101  00000-0  00000-0 0  9990
2 35491   0.1730 103.4564 0006737 127.4776 204.0096  1.00272177 35988
GOES 15 [+]             
1 36411U 10008A   19118.72132626  .00000046  00000-0  00000-0 0  9993
2 36411   0.1048  98.7891 0001492 334.7284 274.5446  1.00264317 33539
GOES 16 [+]             
1 41866U 16071A   19118.79980257 -.00000257  00000-0  00000-0 0  9992
2 41866   0.0015 117.2922 0001031 333.3121 338.6014  1.00272191  8970
GOES-S [+]              
1 43226U 18022A   19119.17720253  .00000090  00000-0  00000+0 0  9996
2 43226   0.0276  86.0068 0002744 321.4637  95.9658  1.00272951  4301
