GORIZONT 1 [-]          
1 11158U 78118A   19118.84683539 -.00000008  00000-0  00000+0 0  9995
2 11158  13.3135 248.7795 3575393 220.8919 106.0337  1.00262812 96784
GORIZONT 2 [-]          
1 11440U 79062A   19118.57611860 -.00000239  00000-0  00000-0 0  9993
2 11440  11.7258 315.5352 0003679 334.4526 222.5018  1.00287029111880
GORIZONT 3 [-]          
1 11648U 79105A   19119.07679403 -.00000129  00000-0  00000+0 0  9991
2 11648  11.8512 316.7629 0009349 184.1561 182.5821  1.00197023 96325
GORIZONT 4 [-]          
1 11841U 80049A   19118.53946012 -.00000017  00000-0  00000-0 0  9995
2 11841  12.9118 321.5772 0005079 347.9111   5.4443  0.98627798207806
GORIZONT 5 [-]          
1 13092U 82020A   19119.28066432 -.00000118  00000-0  00000+0 0  9999
2 13092  13.7509 326.4620 0029806 181.7111 191.8089  0.98532597 95907
GORIZONT 6 [-]          
1 13624U 82103A   19119.24550824  .00000108  00000-0  00000+0 0  9999
2 13624  12.6301 326.3611 0002397 351.6390 192.4814  1.00336147 94806
GORIZONT 7 [-]          
1 14160U 83066A   19118.64372642 -.00000004  00000-0  00000+0 0  9993
2 14160  14.0201 334.5872 0013119 302.2515 238.8236  0.98346180129156
GORIZONT 8 [-]          
1 14532U 83118A   19117.97197601 -.00000123  00000-0  00000+0 0  9991
2 14532  14.1252 336.2523 0025153 111.7949  56.0423  0.98269702 94910
GORIZONT 9 [-]          
1 14940U 84041A   19118.79490503  .00000031  00000-0  00000-0 0  9996
2 14940  13.3451 334.6764 0002498 258.2130 327.7180  1.00304008 95800
GORIZONT 10 [-]         
1 15144U 84078A   19118.81185860  .00000077  00000-0  00000+0 0  9992
2 15144  13.3997 335.6687 0004799 337.1298  26.6714  1.00253792128476
GORIZONT 11 [-]         
1 15484U 85007A   19118.81264373  .00000095  00000-0  00000+0 0  9999
2 15484  13.5006 337.4914 0003207  11.6042 354.7242  1.00327613126487
GORIZONT 12 [-]         
1 16769U 86044A   19118.62757687 -.00000283  00000-0  00000-0 0  9993
2 16769  13.9010 342.4966 0004297 319.0934 233.2529  1.00336763121122
GORIZONT 13 [-]         
1 17083U 86090A   19118.84684020 -.00000150  00000-0  00000-0 0  9991
2 17083  15.5108 348.8610 0019049 314.6497 224.4419  0.96726715 93436
GORIZONT 14 [-]         
1 17969U 87040A   19118.40947861 -.00000173  00000-0  00000-0 0  9992
2 17969  14.8372 340.9295 0026136 140.7002 215.0235  0.97659724 94395
GORIZONT 15 [-]         
1 19017U 88028A   19118.64651799 -.00000046  00000-0  00000+0 0  9991
2 19017  15.6294 352.0146 0032092 122.0091  56.2537  0.97827084 93981
GORIZONT 16 [-]         
1 19397U 88071A   19117.50932699 -.00000341  00000-0  00000+0 0  9993
2 19397  14.5155 350.8452 0017361  11.9278 174.9386  0.99985796112155
GORIZONT 17 [-]         
1 19765U 89004A   19119.28258351 -.00000026  00000-0  00000+0 0  9992
2 19765  14.9085 353.8935 0019092  89.6179 266.3822  0.99066143109753
GORIZONT 18 [-]         
1 20107U 89052A   19118.78001749  .00000021  00000-0  00000+0 0  9992
2 20107  14.8810 355.2077 0038607 290.5267 242.6892  0.99400815108499
GORIZONT 19 [-]         
1 20263U 89081A   19118.71090963 -.00000020  00000-0  00000-0 0  9997
2 20263  14.6353 354.5706 0004756 297.5510 246.6872  1.00191794 21200
GORIZONT 20 [-]         
1 20659U 90054A   19118.71281727  .00000062  00000-0  00000-0 0  9993
2 20659  14.9254 357.4675 0001736 161.4076   7.7557  1.00259553105566
GORIZONT 21 [-]         
1 20923U 90094A   19118.82352701 -.00000123  00000-0  00000-0 0  9993
2 20923  14.8945 358.2512 0003344 260.2787 243.0648  1.00252628104313
GORIZONT 22 [-]         
1 20953U 90102A   19119.51802907 -.00000350  00000-0  00000+0 0  9992
2 20953  14.8364 358.5384 0007434 322.2702 214.7945  1.00227304104274
GORIZONT 23 [-]         
1 21533U 91046A   19118.38051628 -.00000152  00000-0  00000-0 0  9996
2 21533  15.3926   2.4214 0008802 302.0614 236.2102  0.98910330 20909
GORIZONT 24 [-]         
1 21759U 91074A   19118.51564470 -.00000241  00000-0  00000+0 0  9994
2 21759  15.4489   4.1368 0016204 210.8317 332.1003  0.98445016 99371
GORIZONT 25 [-]         
1 21922U 92017A   19118.71447476  .00000060  00000-0  00000-0 0  9991
2 21922  15.0122   3.7347 0028103  37.9964 133.7138  0.99842345 98912
GORIZONT 26 [-]         
1 22041U 92043A   19118.71430028  .00000065  00000-0  00000+0 0  9992
2 22041  15.0810   5.5068 0029120 212.5598 316.5980  0.99240004 97620
GORIZONT 27 [-]         
1 22245U 92082A   19118.91852626 -.00000342  00000-0  00000+0 0  9994
2 22245  15.0058   5.4523 0017025 328.2411 320.1295  1.00157264101034
GORIZONT 28 [-]         
1 22880U 93069A   19118.78542611  .00000084  00000-0  00000+0 0  9992
2 22880  14.9410   9.0133 0029601  95.4569  92.9681  0.99647617 93166
GORIZONT 29 [-]         
1 22907U 93072A   19118.31430421  .00000091  00000-0  00000-0 0  9999
2 22907  14.8768   8.6453 0015432 311.4503 224.4567  1.00131569 93079
GORIZONT 30 [-]         
1 23108U 94030A   19119.05271691 -.00000282  00000-0  00000+0 0  9994
2 23108  14.8383   9.5971 0004198 304.5370 240.2059  1.00329794 91353
GORIZONT 31 [-]         
1 23775U 96005A   19118.61507785 -.00000348  00000-0  00000-0 0  9999
2 23775  14.4106  15.3796 0016267 182.5353 355.7616  0.99890393 85019
GORIZONT 32 [-]         
1 23880U 96034A   19118.18073149 -.00000162  00000-0  00000+0 0  9995
2 23880  14.3280  15.9851 0013364 310.3906 219.7821  1.00143914 83924
GORIZONT 33 [-]         
1 26372U 00029A   19119.06021479 -.00000239  00000-0  00000+0 0  9995
2 26372  12.4514  26.1014 0004338 333.8614 208.6923  1.00232809 69289
