MTI                     
1 26102U 00014A   19119.01980361  .00003870  00000-0  64518-4 0  9991
2 26102  97.5583 334.8974 0007610 320.4438  39.6264 15.52646246 59999
CFESAT                  
1 30777U 07006F   19118.94590304  .00003387  00000-0  99249-4 0  9999
2 30777  35.4254  85.0910 0004901  11.4312 348.6525 15.34843222672549
SPIRALE A               
1 33751U 09008C   19118.72444883  .00000013  00000-0  91693-4 0  9992
2 33751   2.0318 240.2790 5415636 280.6899  25.3899  4.58704722142193
SPIRALE B               
1 33752U 09008D   19118.48535272  .00005493  00000-0  93637-3 0  9995
2 33752   2.1160   5.6900 6932226  19.0223 357.4840  2.74197247 93296
SAPPHIRE                
1 39088U 13009C   19119.51984501 -.00000020  00000-0  82820-5 0  9993
2 39088  98.5035 323.5474 0012582  78.3612 281.8984 14.34190167323030
