COSMOS 2361 [-]         
1 25590U 98076A   19119.56964939  .00000047  00000-0  34611-4 0  9993
2 25590  82.9334 332.3827 0032246 148.6792 267.6761 13.72962863 19433
COSMOS 2378 [-]         
1 26818U 01023A   19118.87976478  .00000019  00000-0  31873-5 0  9994
2 26818  82.9305 353.0273 0034234 102.3617 258.1332 13.73933520897007
COSMOS 2389 [-]         
1 27436U 02026A   19119.52752471  .00000033  00000-0  18467-4 0  9992
2 27436  82.9476 297.0939 0045685 331.5578  80.9110 13.74934838849098
COSMOS 2398 [-]         
1 27818U 03023A   19118.88194458  .00000049  00000-0  37720-4 0  9997
2 27818  82.9473 255.4569 0031722 355.3232   4.7627 13.72166771796284
COSMOS 2407 [+]         
1 28380U 04028A   19119.01896287  .00000045  00000-0  30481-4 0  9996
2 28380  82.9640 204.3482 0039029 342.3199  17.6600 13.76063924741631
COSMOS 2414 [+]         
1 28521U 05002A   19119.48598319  .00000047  00000-0  26529-4 0  9992
2 28521  82.9526 213.7878 0039545 195.4938 164.5017 13.87610008722765
COSMOS 2429 [-]         
1 32052U 07038A   19119.52723622  .00000042  00000-0  28825-4 0  9995
2 32052  82.9790 325.8226 0037439 312.0003  47.7966 13.74913979583662
COSMOS 2454 [-]         
1 35635U 09039A   19119.33304244  .00000035  00000-0  15225-4 0  9994
2 35635  82.9593 202.3913 0019624 149.3034 210.9275 13.89638567495657
COSMOS 2463 [+]         
1 36519U 10017A   19118.93252314 -.00000090  00000-0 -11695-3 0  9998
2 36519  82.9635   4.1759 0036436 158.4232 201.8468 13.71435230450773
