AKEBONO (EXOS-D)        
1 19822U 89016A   19118.84577686  .00016448  82367-6  29761-3 0  9990
2 19822  75.0310 211.7984 1796271 231.5375 111.0685 11.94145373989681
HST                     
1 20580U 90037B   19119.21926199  .00000409  00000-0  13953-4 0  9992
2 20580  28.4685 185.6818 0002514 304.9088  89.9191 15.09214215393250
POLAR                   
1 23802U 96013A   19118.81040119 -.00000056  00000-0  00000-0 0  9990
2 23802  78.6867 256.0073 6753902 297.2223  10.4570  1.29844885111011
SWAS                    
1 25560U 98071A   19118.95600181  .00000131  00000-0  20954-4 0  9992
2 25560  69.8997 348.9281 0010782 250.8945 109.1044 14.93726728106975
ORSTED                  
1 25635U 99008B   19119.37885295  .00000093  00000-0  30195-4 0  9999
2 25635  96.4770 235.3540 0137408 234.1415 124.6958 14.48144159 64816
CXO                     
1 25867U 99040B   19121.62375293  .00000736  00000-0  00000+0 0  9996
2 25867  68.2339 276.5978 7147588 234.9327   0.3571  0.37804523 18631
XMM-NEWTON              
1 25989U 99066A   19119.72479756 -.00000229  00000-0  00000+0 0  9994
2 25989  70.9009 334.0660 7673662  95.1513 359.7294  0.50133281 24304
TERRA                   
1 25994U 99068A   19119.20072509 -.00000161  00000-0 -25716-4 0  9992
2 25994  98.2055 194.4815 0000974 100.3211 259.8092 14.57109570 29847
CLUSTER II-FM7 (SAMBA)  
1 26410U 00041A   19120.45411252  .00000455  00000-0  00000+0 0  9998
2 26410 131.1928 338.5339 4122287 171.4816   0.5440  0.44207836 20513
CLUSTER II-FM6 (SALSA)  
1 26411U 00041B   19120.44720778  .00000000  00000-0  00000+0 0  9990
2 26411 130.5984 339.6598 5134883 178.9487   0.5654  0.44245346 20302
CLUSTER II-FM5 (RUMBA)  
1 26463U 00045A   19120.75633697  .00000450  00000-0  00000-0 0  9998
2 26463 134.2014 338.8169 4799539 177.9507   0.5805  0.44237429  8683
CLUSTER II-FM8 (TANGO)  
1 26464U 00045B   19119.41857538  .00000401  00000-0  00000+0 0  9997
2 26464 131.1819 338.5264 4119997 171.4450 198.5042  0.44219873 56425
ODIN                    
1 26702U 01007A   19118.92027627  .00000535  00000-0  39068-4 0  9993
2 26702  97.5761 137.3871 0009697 243.6478 116.3755 15.07786499993600
TIMED                   
1 26998U 01055B   19119.20979196  .00000071  00000-0  11742-4 0  9996
2 26998  74.0740  39.7723 0002295 249.2142 110.8793 14.88103068942778
RHESSI                  
1 27370U 02004A   19119.50922203  .00001626  00000-0  56908-4 0  9996
2 27370  38.0320 205.7227 0012467 192.1573 167.8898 15.31394315950679
INTEGRAL                
1 27540U 02048A   19116.99644935  .00000464  00000-0  00000+0 0  9992
2 27540  49.4241 147.5015 8755556 276.9168   3.7786  0.37593691 16839
CORIOLIS                
1 27640U 03001A   19118.96488686 -.00000004  00000-0  19012-4 0  9990
2 27640  98.7337 129.6060 0014772 147.5591 267.7631 14.19006625844513
SORCE                   
1 27651U 03004A   19119.21831878 -.00000004  00000-0  13789-4 0  9994
2 27651  39.9946 125.4313 0022738 340.8213  19.1719 14.88988144882310
MOST                    
1 27843U 03031D   19119.49463383 -.00000008  00000-0  16827-4 0  9999
2 27843  98.7122 127.8287 0009506 204.5165 155.5561 14.20588346820686
SCISAT 1                
1 27858U 03036A   19118.93206106  .00000020  00000-0  79067-5 0  9995
2 27858  73.9320 284.9785 0008864 233.8772 126.1583 14.77243423846299
SWIFT                   
1 28485U 04047A   19119.18999839  .00000793  00000-0  23827-4 0  9994
2 28485  20.5574  51.3322 0011193 203.9160 156.0754 15.04360669790873
FORMOSAT-3 FM6          
1 29047U 06011A   19118.85576205 -.00000014  00000-0  10526-4 0  9992
2 29047  71.9792 238.1907 0049034  57.7493 302.8381 14.28673341681980
FORMOSAT-3 FM1          
1 29048U 06011B   19118.51301795  .00000057  00000-0  38962-4 0  9996
2 29048  71.9650 150.2933 0043222  13.6873 346.5424 14.28625891684403
FORMOSAT-3 FM5          
1 29049U 06011C   19118.88793714  .00000086  00000-0  50189-4 0  9990
2 29049  72.0200 318.8180 0033925  44.7027 315.6835 14.28712327680240
FORMOSAT-3 FM3          
1 29050U 06011D   19118.60332952  .00000130  00000-0  37737-4 0  9999
2 29050  72.0142 147.9507 0049958 358.1411   1.9547 14.58787948695787
FORMOSAT-3 FM4          
1 29051U 06011E   19119.52626226  .00000058  00000-0  38595-4 0  9994
2 29051  72.0065 220.3541 0070010 282.0678  77.2619 14.28738481682922
FORMOSAT-3 FM2          
1 29052U 06011F   19119.48507899  .00000060  00000-0  39905-4 0  9993
2 29052  72.0335 293.4058 0039883   3.6026 356.5390 14.28837701681242
CLOUDSAT                
1 29107U 06016A   19119.51850239  .00000074  00000-0  24035-4 0  9995
2 29107  98.1818  64.4801 0000614 185.2170 174.9025 14.62304393691856
CALIPSO                 
1 29108U 06016B   19118.90212037  .00000084  00000-0  26006-4 0  9997
2 29108  98.1834  63.6915 0001493  77.8857 282.2512 14.62299613691588
HINODE (SOLAR-B)        
1 29479U 06041A   19118.96152823  .00000072  00000-0  22496-4 0  9994
2 29479  98.1686 128.7280 0015922 233.4811 126.4926 14.64987596673050
SJ-6C                   
1 29505U 06046A   19119.55649612 -.00000417  00000-0 -33087-4 0  9995
2 29505  97.8275 129.4794 0003610  33.0039 327.1403 14.94729048681637
SJ-6D                   
1 29506U 06046B   19119.34464659 -.00000630  00000-0 -54481-4 0  9997
2 29506  97.8472 129.1565 0003744  68.1419 292.0203 14.93438037681215
AGILE                   
1 31135U 07013A   19119.21636737  .00002200  00000-0  33776-4 0  9994
2 31135   2.4673 198.0903 0012248 174.8327 185.1854 15.31522301668258
AIM                     
1 31304U 07015A   19119.19483545  .00000557  00000-0  35552-4 0  9995
2 31304  97.9637 340.0989 0004857 353.5293   6.5873 15.13047580657888
FGRST (GLAST)           
1 33053U 08029A   19119.18707255  .00000470  00000-0  10084-4 0  9997
2 33053  25.5835  48.0395 0012095 240.7605 119.1721 15.11212561600445
WISE                    
1 36119U 09071A   19118.66496733  .00000662  00000-0  25707-4 0  9990
2 36119  97.3775 154.2349 0004242  74.7933 285.3776 15.29542449520250
SDO                     
1 36395U 10005A   19118.53815157 -.00000041  00000-0  00000+0 0  9992
2 36395  29.6561 128.4182 0001059 357.3060 182.3633  1.00275117 33895
CRYOSAT 2               
1 36508U 10013A   19119.50989202  .00000033  00000-0  73481-5 0  9997
2 36508  92.0281   7.2424 0007448 164.9420 195.2011 14.52175879480037
X-SAT                   
1 37389U 11015C   19119.43302929 -.00000019  00000-0  98141-5 0  9990
2 37389  98.4886 184.8174 0015373  65.0977 295.1799 14.24370813417200
GCOM-W1 (SHIZUKU)       
1 38337U 12025A   19119.44620987  .00000016  00000-0  13693-4 0  9998
2 38337  98.2366  60.3350 0001975 106.9767   9.4638 14.57114352369567
NUSTAR                  
1 38358U 12031A   19119.03417293  .00000941  00000-0  24774-4 0  9996
2 38358   6.0270  46.2365 0011465  21.1462 338.9140 14.88140008374021
RBSP A                  
1 38752U 12046A   19118.56514674  .00004804  00000-0  55837-3 0  9993
2 38752   9.6642 236.0054 6956858  32.9922 355.4461  2.71779871 65152
RBSP B                  
1 38753U 12046B   19118.38010202  .00005688  00000-0  64231-3 0  9991
2 38753   9.8927 250.2818 6976058   5.7332 359.1473  2.69361468 64603
NEOSSAT                 
1 39089U 13009D   19119.18234120  .00000022  00000-0  23060-4 0  9993
2 39089  98.5005 323.6074 0012425  81.7498 278.5096 14.34461828323022
IRIS                    
1 39197U 13033A   19119.52566151  .00000087  00000-0  18940-4 0  9992
2 39197  97.9480 301.5066 0028859 129.8552 230.5204 14.78623908314780
HISAKI (SPRINT-A)       
1 39253U 13049A   19118.51318383  .00000070  00000-0  77908-5 0  9994
2 39253  29.7180 147.7441 0137184 131.4585 229.7857 13.55208598278586
CASSIOPE                
1 39265U 13055A   19118.92264437  .00004399  00000-0  12368-3 0  9994
2 39265  80.9715  28.0746 0670626  75.5891 291.8718 14.27248959288483
STSAT-3                 
1 39422U 13066G   19119.42555150  .00000025  00000-0  81425-5 0  9996
2 39422  97.5620 166.4434 0024004 130.3794 229.9538 14.89717328295347
SWARM B                 
1 39451U 13067A   19118.90094361  .00000324  00000-0  12816-4 0  9992
2 39451  87.7555  44.2915 0002950  62.0070 298.1473 15.21539698286770
SWARM A                 
1 39452U 13067B   19119.50617522  .00001057  00000-0  22352-4 0  9990
2 39452  87.3428 281.8238 0002682 101.1885 258.9674 15.43796509305199
SWARM C                 
1 39453U 13067C   19119.18196984  .00001039  00000-0  21939-4 0  9999
2 39453  87.3428 283.3783 0002667 101.1641 258.9917 15.43796009305112
BRITE-TORONTO           
1 40020U 14033L   19119.53049057  .00000018  00000-0  11654-4 0  9991
2 40020  97.7524 326.1307 0086492 317.3017  42.1488 14.66566401259940
OCO 2                   
1 40059U 14035A   19118.87182754  .00000028  00000-0  16335-4 0  9995
2 40059  98.1993  60.6009 0001405  91.1132 269.0227 14.57103797256507
BRITE-PL 2              
1 40119U 14049B   19118.82700141  .00000090  00000-0  17218-4 0  9998
2 40119  97.9029 209.9179 0018120  31.5471 328.6826 14.84391384254127
RESURS P2               
1 40360U 14087A   19119.44561668  .00000567  00000-0  20125-4 0  9996
2 40360  97.2557 211.0504 0008001 223.4848 201.1325 15.33052605242724
MMS 1                   
1 40482U 15011A   19113.00725694 -.00000388  00000-0  00000+0 0  9993
2 40482   9.1997 114.3474 9082313  16.0195 324.3678  0.28567424 10009
MMS 2                   
1 40483U 15011B   19113.99710648 -.00000299  00000-0  00000-0 0  9997
2 40483   9.2678 114.3866 9080224  15.9938  66.0716  0.28546502 10102
MMS 3                   
1 40484U 15011C   19113.99829861 -.00000299  00000-0  00000-0 0  9996
2 40484   9.2449 114.3648 9080860  16.0203  66.1919  0.28541459  9795
MMS 4                   
1 40485U 15011D   19109.03968750 -.00000042  00000-0  00000+0 0  9993
2 40485   9.0353 114.2727 9085714  16.0861 276.4020  0.28548433  9976
ASTROSAT                
1 40930U 15052A   19119.01933289  .00000712  00000-0  10966-4 0  9991
2 40930   5.9968  63.2525 0008358 156.2602 203.7911 14.76249369193720
DAMPE                   
1 41173U 15078A   19119.55895689  .00000059  00000-0  53153-5 0  9999
2 41173  97.3043 118.8198 0011951 276.1659 197.3140 15.23782383187219
PISAT                   
1 41784U 16059B   19119.14045056  .00000060  00000-0  20750-4 0  9995
2 41784  98.0735 180.4845 0032116 178.6507 181.4788 14.63420309138163
HXMT (HUIYAN)           
1 42758U 17034A   19119.49393666  .00000112  00000-0  20789-4 0  9992
2 42758  43.0169 151.9581 0011709 296.5515 208.7121 15.08571793103193
FLYING LAPTOP           
1 42831U 17042G   19119.19774415  .00000177  00000-0  23311-4 0  9990
2 42831  97.5705  14.2240 0012913 224.4864 135.5319 14.90983616 97417
PICSAT                  
1 43132U 18004X   19118.73559529  .00001215  00000-0  53998-4 0  9998
2 43132  97.4920 186.6459 0011438  76.7670 283.4842 15.23431114 71740
ZHANGZHENG-1 (CSES)     
1 43194U 18015C   19119.23952309  .00000927  00000-0  44719-4 0  9997
2 43194  97.3852 245.9590 0016826 119.7252 240.5661 15.21056984 68550
