ASTRA 1D                
1 23331U 94070A   19119.34175601 -.00000269  00000-0  00000+0 0  9997
2 23331   8.5399  44.7131 0004121 356.1892 226.1340  1.00271396 90039
ASTRA 1F                
1 23842U 96021A   19119.14161030  .00000131  00000-0  00000+0 0  9998
2 23842   0.0416  44.2505 0004698 358.3147 269.5332  1.00273336 84209
AMC-1 (GE-1)            
1 24315U 96054A   19118.67591648  .00000060  00000-0  00000+0 0  9990
2 24315   3.0159  81.3810 0003039 318.6670 288.7264  1.00273620 82886
AMC-2 (GE-2)            
1 24713U 97002A   19118.82869514 -.00000217  00000-0  00000-0 0  9999
2 24713   5.5939  62.5065 0005796 343.6453  23.8403  1.00272328 81452
AMC-3 (GE-3)            
1 24936U 97050A   19118.83131221 -.00000267  00000-0  00000+0 0  9991
2 24936   1.8552  88.6467 0002816 317.3758  37.7570  1.00271856 79316
NSS-5                   
1 24957U 97053A   19118.85573825  .00000102  00000-0  00000+0 0  9996
2 24957   5.1520  65.9311 0004913 345.6320 163.5139  1.00271770 79107
ASTRA 1G                
1 25071U 97076A   19119.50311174  .00000063  00000-0  00000+0 0  9995
2 25071   3.7320  75.4488 0003651 323.8824  56.1403  1.00272791 78411
ASTRA 2A                
1 25462U 98050A   19119.51166086 -.00000311  00000-0  00000+0 0  9990
2 25462   0.6631  98.0520 0002732 295.8932 107.4438  1.00274052 75610
ASTRA 1H                
1 25785U 99033A   19118.83227181 -.00000282  00000-0  00000+0 0  9995
2 25785   5.1344  66.0723 0003232 327.6364  55.2743  1.00275843 72657
AMC-4 (GE-4)            
1 25954U 99060A   19119.52087456  .00000081  00000-0  00000+0 0  9995
2 25954   0.0011 136.1248 0002468 251.1331 242.5310  1.00272838 71354
ASTRA 2B                
1 26494U 00054A   19119.20843299  .00000113  00000-0  00000+0 0  9996
2 26494   3.6259  76.0943 0005268 327.4959 267.6995  1.00271457 68107
AMC-7 (GE-7)            
1 26495U 00054B   19119.52377628  .00000082  00000-0  00000+0 0  9995
2 26495   0.3607  95.0703 0003258 314.9098 220.7630  1.00271272 68129
NSS-11 (AAP-1)          
1 26554U 00059A   19119.51074112  .00000018  00000-0  00000+0 0  9996
2 26554   0.0215 100.4874 0003064 301.0902 175.4593  1.00271631 68047
AMC-6 (GE-6)            
1 26580U 00067A   19119.47519625 -.00000222  00000-0  00000+0 0  9990
2 26580   0.0246  99.2602 0002262 303.7896 262.1550  1.00269712 67856
ASTRA 2D                
1 26638U 00081A   19119.18591105  .00000026  00000-0  00000+0 0  9992
2 26638   4.9711  66.8276 0002269 319.2169 262.9389  1.00270027 67252
AMC-8 (GE-8)            
1 26639U 00081B   19119.53252919  .00000098  00000-0  00000+0 0  9998
2 26639   0.0133 107.4875 0001632 223.7880 298.6316  1.00271711 67142
ASTRA 2C                
1 26853U 01025A   19119.19302133  .00000131  00000-0  00000+0 0  9999
2 26853   1.8816  88.3811 0002795 305.0943 276.5749  1.00269926 65440
ASTRA 3A                
1 27400U 02015B   19119.26696826 -.00000286  00000-0  00000+0 0  9993
2 27400   5.1138  65.5527 0002927 337.7343 222.7584  1.00275244 62589
NSS-7                   
1 27414U 02019A   19118.82206439 -.00000162  00000-0  00000+0 0  9993
2 27414   3.3291  79.2926 0002470 316.1461  97.0012  1.00271416 62423
NSS-6                   
1 27603U 02057A   19119.51070126 -.00000276  00000-0  00000+0 0  9990
2 27603   0.0586  93.2665 0001201 247.4097 155.3563  1.00271784 59964
AMC-11 (GE-11)          
1 28252U 04017A   19118.72132626  .00000060  00000-0  00000+0 0  9995
2 28252   0.0393  50.3936 0002588 353.5944 301.0730  1.00271966 54575
AMC-15                  
1 28446U 04041A   19118.89647743 -.00000097  00000-0  00000-0 0  9998
2 28446   0.0532  63.9332 0002631 334.1937  36.1189  1.00272128 53238
AMC-16                  
1 28472U 04048A   19119.09806311 -.00000214  00000-0  00000+0 0  9995
2 28472   0.0041  42.8090 0002483 356.5144 127.7346  1.00272615 52683
NSS-10 (AMC-12)         
1 28526U 05003A   19119.41247775 -.00000257  00000-0  00000+0 0  9993
2 28526   0.0661  89.4294 0002818 306.5877 292.1069  1.00273165 52189
ASTRA 1KR               
1 29055U 06012A   19119.38243687  .00000113  00000-0  00000+0 0  9996
2 29055   0.0711 271.0907 0000657 101.7909   1.0170  1.00275417 47617
AMC-18                  
1 29644U 06054B   19119.53650838  .00000097  00000-0  00000+0 0  9994
2 29644   0.0129 276.2690 0002637 152.4628 202.6119  1.00274349 45423
ASTRA 1L                
1 31306U 07016A   19119.20843299  .00000112  00000-0  00000+0 0  9998
2 31306   0.0625 298.9564 0003689  47.6030 324.5298  1.00267477 43900
ASTRA 4A (SIRIUS 4)     
1 32299U 07057A   19118.89702222  .00000024  00000-0  00000-0 0  9992
2 32299   0.0115 315.9393 0003029  85.5428 142.8144  1.00272881 25553
AMC-21                  
1 33275U 08038B   19119.48938321  .00000029  00000-0  00000+0 0  9998
2 33275   0.0258 301.4013 0002477 101.8090 225.2202  1.00272919 39332
ASTRA 1M                
1 33436U 08057A   19118.96284572  .00000112  00000-0  00000-0 0  9996
2 33436   0.0112 240.3876 0003729 202.3725 139.6888  1.00271077 19601
CIEL-2                  
1 33453U 08063A   19119.48938321  .00000051  00000-0  00000+0 0  9999
2 33453   0.0302 117.0103 0003197 298.3776 209.0909  1.00272669 38014
NSS-9                   
1 33749U 09008A   19119.22342196  .00000064  00000-0  00000+0 0  9992
2 33749   0.0535  62.8132 0002124 344.3717  73.1919  1.00273298 37430
SES-7 (PROTOSTAR 2)     
1 34941U 09027A   19119.01084369 -.00000353  00000-0  00000+0 0  9992
2 34941   0.0852  94.3233 0001075 253.7172 340.7967  1.00271381 36482
NSS-12                  
1 36032U 09058A   19119.52028628  .00000065  00000-0  00000+0 0  9990
2 36032   0.0132  85.0731 0002596 325.7711  50.6399  1.00270970 34807
SES-1                   
1 36516U 10016A   19119.23935632 -.00000122  00000-0  00000+0 0  9998
2 36516   0.0047 291.5086 0002674 114.4282 156.1395  1.00273284 33009
ASTRA 3B                
1 36581U 10021A   19118.85032963  .00000128  00000-0  00000+0 0  9993
2 36581   0.0353 340.5942 0003081  47.1317 158.4416  1.00270160 32515
SES-3                   
1 37748U 11035A   19118.60970443 -.00000111  00000-0  00000+0 0  9995
2 37748   0.0378  63.9219 0002454 328.0308 300.8316  1.00272607 28554
ASTRA 1N                
1 37775U 11041A   19118.96284458  .00000111  00000-0  00000-0 0  9995
2 37775   0.0455 344.8960 0005723  53.0862 184.4668  1.00271598 18391
SES-2                   
1 37809U 11049A   19118.90005411 -.00000204  00000-0  00000-0 0  9999
2 37809   0.0136  66.2902 0002674 331.1510  56.1551  1.00272388 27886
QUETZSAT 1              
1 37826U 11054A   19119.46685510 -.00000248  00000-0  00000+0 0  9997
2 37826   0.0185  82.0135 0002367 321.2194 264.9806  1.00269903 27960
SES-4                   
1 38087U 12007A   19119.40466286 -.00000175  00000-0  00000+0 0  9996
2 38087   0.0223 311.7603 0002315 101.3815 287.6084  1.00271913 26351
SES-5                   
1 38652U 12036A   19119.18793427  .00000027  00000-0  00000+0 0  9996
2 38652   0.0441  90.1104 0002243 315.4053 243.9750  1.00274420 24930
ASTRA 2F                
1 38778U 12051A   19119.18478525  .00000142  00000-0  00000+0 0  9999
2 38778   0.0574 228.9804 0000654  35.4917  47.0976  1.00270703 24153
SES-6                   
1 39172U 13026A   19118.89154653 -.00000269  00000-0  00000-0 0  9993
2 39172   0.0313 307.0444 0002008 104.6871  85.2877  1.00272012 21599
O3B FM5                 
1 39188U 13031A   19118.68382583 -.00000029  00000-0  00000-0 0  9992
2 39188   0.0589  22.4572 0002172  41.5028 296.0625  5.00117640106727
O3B FM4                 
1 39189U 13031B   19119.43315469 -.00000027  00000-0  00000+0 0  9993
2 39189   0.0430 356.1699 0002601  45.5516 318.2988  5.00115955106763
O3B FM2                 
1 39190U 13031C   19118.59861314 -.00000029  00000-0  00000-0 0  9999
2 39190   0.0431 349.0219 0007288  19.4732 351.5174  5.00115739106702
O3B PFM                 
1 39191U 13031D   19118.63297716 -.00000029  00000-0  00000-0 0  9994
2 39191   0.0518  16.8869 0006988  22.6848 320.4794  5.00113066106635
ASTRA 2E                
1 39285U 13056A   19119.04910637  .00000142  00000-0  00000+0 0  9999
2 39285   0.0889  58.7971 0002526 332.6525 231.4351  1.00273675 20453
SES-8                   
1 39460U 13071A   19118.91507660 -.00000278  00000-0  00000-0 0  9996
2 39460   0.0257 257.4086 0002939 169.5606 214.0488  1.00269548 18377
ASTRA 5B                
1 39617U 14011B   19119.18508622  .00000147  00000-0  00000+0 0  9997
2 39617   0.0401 312.5086 0003781  80.9682 281.5343  1.00272991 18736
O3B FM3                 
1 40079U 14038A   19118.73316071 -.00000029  00000-0  00000+0 0  9995
2 40079   0.0473   4.6334 0002227  91.0779 264.3142  5.00116076 87713
O3B FM7                 
1 40080U 14038B   19118.48304466 -.00000029  00000-0  00000-0 0  9995
2 40080   0.0451   3.5970 0002529  35.3643 321.0570  5.00116469 87599
O3B FM6                 
1 40081U 14038C   19118.49909747 -.00000029  00000-0  00000-0 0  9990
2 40081   0.0463   4.2797 0002591  35.2925 320.4467  5.00115496 87574
O3B FM8                 
1 40082U 14038D   19118.74987346 -.00000028  00000-0  00000-0 0  9999
2 40082   0.0439   1.3894 0002566  37.5793 321.0499  5.00115132 87696
O3B FM10                
1 40348U 14083A   19119.18311007 -.00000028  00000-0  00000+0 0  9997
2 40348   0.0468  15.4910 0002519  24.1940 320.3338  5.00114451 79689
O3B FM11                
1 40349U 14083B   19118.79918812 -.00000028  00000-0  00000-0 0  9992
2 40349   0.0512  13.1394 0002481   8.4344 338.4368  5.00115949 79655
O3B FM12                
1 40350U 14083C   19118.66655382 -.00000029  00000-0  00000-0 0  9991
2 40350   0.0502  12.5907 0002686  21.1365 326.2900  5.00115645 79651
O3B FM9                 
1 40351U 14083D   19118.64952846 -.00000029  00000-0  00000-0 0  9995
2 40351   0.0524  13.0456 0002563  24.9907 321.9819  5.00114665 79672
ASTRA 2G                
1 40364U 14089A   19119.18478525  .00000142  00000-0  00000+0 0  9996
2 40364   0.0469  43.8021 0004779  10.8665 256.9090  1.00272645 15889
SES-9                   
1 41380U 16013A   19118.93256028 -.00000354  00000-0  00000-0 0  9995
2 41380   0.0159 263.2416 0002122 166.7460 230.6352  1.00272158 11328
SES-10                  
1 42432U 17017A   19119.03174231 -.00000281  00000-0  00000+0 0  9994
2 42432   0.0108 268.2230 0002646 142.4733 110.5384  1.00269398  7626
SES-15                  
1 42709U 17026A   19118.72132626  .00000051  00000-0  00000+0 0  9992
2 42709   0.0124 253.4850 0000787 179.5176 273.9311  1.00271535  8048
SES-11 (ECHOSTAR 105)   
1 42967U 17063A   19119.24052630 -.00000097  00000-0  00000+0 0  9994
2 42967   0.0113 233.7130 0002628 158.4123 166.4299  1.00272519  5678
SES-14                  
1 43175U 18012B   19118.82186495 -.00000287  00000-0  00000+0 0  9992
2 43175   0.0173 275.0750 0000843 134.3119  55.4892  1.00272767  4937
O3B FM15                
1 43231U 18024A   19118.71652740 -.00000029  00000-0  00000-0 0  9992
2 43231   0.0439  17.9922 0002776  21.9698 320.0586  5.00115477 20778
O3B FM16                
1 43232U 18024B   19118.56617132 -.00000029  00000-0  00000-0 0  9992
2 43232   0.0412  22.2362 0003061  12.4788 325.3051  5.00116059 20772
O3B FM14                
1 43233U 18024C   19118.61570673 -.00000029  00000-0  00000-0 0  9997
2 43233   0.0398  23.3263 0003120  14.9945 321.7014  5.00115547 20776
O3B FM13                
1 43234U 18024D   19118.63296490 -.00000029  00000-0  00000-0 0  9992
2 43234   0.0392 358.3947 0005298  38.8851 322.7570  5.00112971 20765
SES-12                  
1 43488U 18049A   19118.91507660 -.00000278  00000-0  00000-0 0  9991
2 43488   0.0345  35.4996 0001830 145.5916  99.9285  1.00272699  3315
O3B FM20                
1 44112U 19020A   19108.42732145 -.00000025  00000-0  00000+0 0  9998
2 44112   0.0365 330.6945 0010733 182.8532 142.8662  5.12927155   692
O3B FM19                
1 44113U 19020B   19117.63206195 -.00000028  00000-0  00000+0 0  9996
2 44113   0.0310 315.1946 0007302 205.7392 199.0934  5.12698605  1174
O3B FM17                
1 44114U 19020C   19102.62333336 -.00000019  00000-0  00000-0 0  9999
2 44114   0.0357 328.0998 0003583 152.0738 239.8621  5.12375599   406
O3B FM18                
1 44115U 19020D   19098.86285525 -.00000016  00000-0  00000+0 0  9992
2 44115   0.0407 334.7779 0000718  76.6544 205.7934  5.12090254   206
